AllTimePriceId	code	startval	highval	lowval	curval	curvol	Regdate
76	001810	2330	2330	2330	2330	0	2020-12-08 08:59:13.707
874	001810	2330	2330	2330	2330	0	2020-12-08 08:59:55.763
1665	001810	2330	2330	2330	2330	2734	2020-12-08 09:00:41.640
2451	001810	2330	2330	2330	2330	2734	2020-12-08 09:01:24.733
3250	001810	2330	2340	2330	2330	3907	2020-12-08 09:02:12.677
4036	001810	2330	2340	2330	2330	4907	2020-12-08 09:03:00.160
4829	001810	2330	2340	2330	2330	4907	2020-12-08 09:03:49.370
5630	001810	2330	2340	2330	2330	4907	2020-12-08 09:04:41.377
6412	001810	2330	2340	2330	2330	4907	2020-12-08 09:05:32.330
7212	001810	2330	2340	2330	2335	5407	2020-12-08 09:06:25.447
7994	001810	2330	2340	2330	2335	5407	2020-12-08 09:07:20.213
8792	001810	2330	2340	2330	2335	5407	2020-12-08 09:08:17.277
9587	001810	2330	2340	2330	2335	6243	2020-12-08 09:09:15.617
10376	001810	2330	2340	2330	2330	8424	2020-12-08 09:10:15.280
11172	001810	2330	2340	2330	2330	8524	2020-12-08 09:11:04.460
11965	001810	2330	2340	2330	2330	9124	2020-12-08 09:11:53.857
12756	001810	2330	2340	2330	2330	9124	2020-12-08 09:12:42.717
13543	001810	2330	2340	2330	2330	9125	2020-12-08 09:13:28.280
14337	001810	2330	2340	2330	2330	9145	2020-12-08 09:14:16.377
15128	001810	2330	2340	2330	2330	9145	2020-12-08 09:15:02.720
15911	001810	2330	2340	2330	2330	9145	2020-12-08 09:15:48.617
16716	001810	2330	2340	2330	2330	9145	2020-12-08 09:16:34.970
17508	001810	2330	2340	2330	2330	9145	2020-12-08 09:17:21.067
18300	001810	2330	2340	2330	2330	9148	2020-12-08 09:18:06.173
19088	001810	2330	2340	2330	2335	9149	2020-12-08 09:18:51.353
19885	001810	2330	2340	2330	2335	9149	2020-12-08 09:19:37.097
20674	001810	2330	2340	2330	2335	9149	2020-12-08 09:20:23.193
21463	001810	2330	2340	2330	2335	9149	2020-12-08 09:21:09.577
22262	001810	2330	2340	2330	2330	9206	2020-12-08 09:21:57.537
23040	001810	2330	2340	2330	2330	9206	2020-12-08 09:22:44.400
23837	001810	2330	2340	2330	2330	9206	2020-12-08 09:23:35.093
24633	001810	2330	2340	2330	2330	9206	2020-12-08 09:24:25.570
25430	001810	2330	2340	2330	2330	9206	2020-12-08 09:25:14.227
26210	001810	2330	2340	2330	2330	9206	2020-12-08 09:26:01.617
27010	001810	2330	2340	2325	2340	14017	2020-12-08 09:26:50.567
27805	001810	2330	2340	2325	2340	14017	2020-12-08 09:27:38.120
28606	001810	2330	2355	2325	2355	16827	2020-12-08 09:28:24.227
29384	001810	2330	2355	2325	2355	17037	2020-12-08 09:29:11.290
30173	001810	2330	2355	2325	2340	17993	2020-12-08 09:29:58.387
30968	001810	2330	2370	2325	2355	30322	2020-12-08 09:30:57.097
31758	001810	2330	2370	2325	2355	38241	2020-12-08 09:33:24.210
32559	001810	2330	2370	2325	2360	40471	2020-12-08 09:34:47.273
33348	001810	2330	2370	2325	2360	40471	2020-12-08 09:35:36.240
34130	001810	2330	2370	2325	2350	41192	2020-12-08 09:36:25.617
34929	001810	2330	2370	2325	2350	41192	2020-12-08 09:37:12.403
35719	001810	2330	2370	2325	2350	41208	2020-12-08 09:37:57.900
36508	001810	2330	2370	2325	2350	41287	2020-12-08 09:38:45.043
37304	001810	2330	2370	2325	2350	41287	2020-12-08 09:39:31.430
38094	001810	2330	2370	2325	2350	41301	2020-12-08 09:40:16.010
38896	001810	2330	2370	2325	2355	41874	2020-12-08 09:41:02.640
39683	001810	2330	2370	2325	2350	42066	2020-12-08 09:41:53.363
40476	001810	2330	2370	2325	2350	42066	2020-12-08 09:42:41.720
41261	001810	2330	2370	2325	2360	43361	2020-12-08 09:43:28.343
42049	001810	2330	2370	2325	2350	44065	2020-12-08 09:44:15.173
42857	001810	2330	2370	2325	2350	44185	2020-12-08 09:45:03.403
43635	001810	2330	2370	2325	2350	44394	2020-12-08 09:45:49.980
44436	001810	2330	2370	2325	2350	44394	2020-12-08 09:46:37.217
45221	001810	2330	2370	2325	2350	44678	2020-12-08 09:47:27.593
46011	001810	2330	2370	2325	2350	44695	2020-12-08 09:48:20.280
46799	001810	2330	2370	2325	2345	45132	2020-12-08 09:49:08.393
47612	001810	2330	2370	2325	2345	45132	2020-12-08 09:49:57.220
48396	001810	2330	2370	2325	2355	45632	2020-12-08 09:50:51.643
49184	001810	2330	2370	2325	2355	46851	2020-12-08 09:51:52.040
49978	001810	2330	2370	2325	2355	47151	2020-12-08 09:52:50.660
50756	001810	2330	2370	2325	2350	48528	2020-12-08 09:53:49.690
51576	001810	2330	2370	2325	2350	48528	2020-12-08 09:54:51.700
52364	001810	2330	2370	2325	2350	48528	2020-12-08 09:55:49.957
53154	001810	2330	2370	2325	2345	48848	2020-12-08 09:56:50.493
53945	001810	2330	2370	2325	2345	54001	2020-12-08 09:57:48.950
54725	001810	2330	2370	2325	2345	54001	2020-12-08 09:58:46.867
55511	001810	2330	2370	2325	2350	54004	2020-12-08 09:59:33.837
56316	001810	2330	2370	2325	2350	54036	2020-12-08 10:00:21.727
57092	001810	2330	2370	2325	2350	54036	2020-12-08 10:01:09.163
57889	001810	2330	2370	2325	2350	54036	2020-12-08 10:01:58.760
58690	001810	2330	2370	2325	2340	54477	2020-12-08 10:02:49.253
59485	001810	2330	2370	2325	2340	54477	2020-12-08 10:03:36.980
60274	001810	2330	2370	2325	2350	57344	2020-12-08 10:04:25.533
61066	001810	2330	2370	2325	2350	57344	2020-12-08 10:05:14.733
61859	001810	2330	2370	2325	2350	57409	2020-12-08 10:06:19.070
62652	001810	2330	2370	2325	2350	57409	2020-12-08 10:07:25.553
63437	001810	2330	2370	2325	2350	57409	2020-12-08 10:08:34.563
64236	001810	2330	2370	2325	2350	57509	2020-12-08 10:09:39.570
65017	001810	2330	2370	2325	2350	57699	2020-12-08 10:10:46.570
65818	001810	2330	2370	2325	2350	57899	2020-12-08 10:11:56.520
66616	001810	2330	2370	2325	2350	57899	2020-12-08 10:13:02.477
67386	001810	2330	2370	2325	2350	57899	2020-12-08 10:14:12.227
68192	001810	2330	2370	2325	2350	58099	2020-12-08 10:15:27.793
68989	001810	2330	2370	2325	2335	58820	2020-12-08 10:16:35.683
69780	001810	2330	2370	2325	2350	58830	2020-12-08 10:17:38.527
70567	001810	2330	2370	2325	2350	59470	2020-12-08 10:18:41.667
71364	001810	2330	2370	2325	2330	61070	2020-12-08 10:19:45.857
72152	001810	2330	2370	2325	2330	61070	2020-12-08 10:20:33.923
72945	001810	2330	2370	2325	2350	61380	2020-12-08 10:21:19.907
73738	001810	2330	2370	2325	2350	61380	2020-12-08 10:22:06.873
74531	001810	2330	2370	2325	2350	61380	2020-12-08 10:22:54.233
75327	001810	2330	2370	2325	2350	61380	2020-12-08 10:23:41.710
76111	001810	2330	2370	2325	2350	61380	2020-12-08 10:24:31.517
76896	001810	2330	2370	2325	2350	61680	2020-12-08 10:25:19.860
77700	001810	2330	2370	2325	2350	61680	2020-12-08 10:26:06.080
78488	001810	2330	2370	2325	2350	61680	2020-12-08 10:26:53.003
79272	001810	2330	2370	2325	2350	61680	2020-12-08 10:27:39.970
80079	001810	2330	2370	2325	2350	61680	2020-12-08 10:28:27.987
80861	001810	2330	2370	2325	2340	62418	2020-12-08 10:29:12.957
81646	001810	2330	2370	2325	2340	62418	2020-12-08 10:29:58.847
82450	001810	2330	2370	2325	2350	63768	2020-12-08 10:30:49.067
83235	001810	2330	2370	2325	2350	63768	2020-12-08 10:31:35.443
84029	001810	2330	2370	2325	2350	63768	2020-12-08 10:32:21.270
84829	001810	2330	2370	2325	2350	63768	2020-12-08 10:33:11.583
85619	001810	2330	2370	2325	2350	63768	2020-12-08 10:34:00.600
86407	001810	2330	2370	2325	2350	63768	2020-12-08 10:34:48.570
87209	001810	2330	2370	2325	2350	63768	2020-12-08 10:35:37.630
87996	001810	2330	2370	2325	2350	64068	2020-12-08 10:36:28.697
88779	001810	2330	2370	2325	2350	64068	2020-12-08 10:37:17.690
89575	001810	2330	2370	2325	2350	64068	2020-12-08 10:38:06.800
90374	001810	2330	2370	2325	2350	64068	2020-12-08 10:38:57.187
91151	001810	2330	2370	2325	2350	64068	2020-12-08 10:39:48.440
91951	001810	2330	2370	2325	2350	64068	2020-12-08 10:40:40.223
92747	001810	2330	2370	2325	2340	64433	2020-12-08 10:41:33.457
93537	001810	2330	2370	2325	2350	64448	2020-12-08 10:42:23.783
94333	001810	2330	2370	2325	2350	64448	2020-12-08 10:43:13.393
95113	001810	2330	2370	2325	2350	64448	2020-12-08 10:44:01.393
95907	001810	2330	2370	2325	2350	64448	2020-12-08 10:44:51.723
96704	001810	2330	2370	2325	2350	64448	2020-12-08 10:45:40.880
97505	001810	2330	2370	2325	2350	64448	2020-12-08 10:46:29.973
98295	001810	2330	2370	2325	2335	65211	2020-12-08 10:47:17.760
99089	001810	2330	2370	2325	2350	65217	2020-12-08 10:48:06.750
99878	001810	2330	2370	2325	2350	65217	2020-12-08 10:49:03.810
100666	001810	2330	2370	2325	2350	65217	2020-12-08 10:50:01.230
101455	001810	2330	2370	2325	2350	65217	2020-12-08 10:51:01.323
102245	001810	2330	2370	2325	2350	65217	2020-12-08 10:52:06.120
103041	001810	2330	2370	2325	2345	65257	2020-12-08 10:53:08.373
103831	001810	2330	2370	2325	2345	65257	2020-12-08 10:54:08.733
104618	001810	2330	2370	2325	2345	65457	2020-12-08 10:55:26.217
105413	001810	2330	2370	2325	2345	65457	2020-12-08 10:57:08.537
106210	001810	2330	2370	2325	2345	65457	2020-12-08 10:58:31.900
107007	001810	2330	2370	2325	2345	65457	2020-12-08 10:59:19.533
107789	001810	2330	2370	2325	2345	65457	2020-12-08 11:00:03.240
108581	001810	2330	2370	2325	2345	65457	2020-12-08 11:00:54.823
109367	001810	2330	2370	2325	2345	65457	2020-12-08 11:01:42.623
110167	001810	2330	2370	2325	2345	65457	2020-12-08 11:02:31.933
110959	001810	2330	2370	2325	2345	65457	2020-12-08 11:03:31.153
111743	001810	2330	2370	2325	2340	65469	2020-12-08 11:04:29.420
112539	001810	2330	2370	2325	2340	65545	2020-12-08 11:05:15.637
113330	001810	2330	2370	2325	2340	65795	2020-12-08 11:06:07.670
114130	001810	2330	2370	2325	2330	66352	2020-12-08 11:06:55.990
114922	001810	2330	2370	2325	2330	66352	2020-12-08 11:07:43.743
115708	001810	2330	2370	2325	2330	66352	2020-12-08 11:08:30.383
116506	001810	2330	2370	2325	2340	67638	2020-12-08 11:09:16.007
117303	001810	2330	2370	2325	2335	67683	2020-12-08 11:10:02.060
118088	001810	2330	2370	2325	2335	67683	2020-12-08 11:10:51.370
118881	001810	2330	2370	2325	2335	67683	2020-12-08 11:11:38.447
119679	001810	2330	2370	2325	2335	67683	2020-12-08 11:12:25.930
120477	001810	2330	2370	2325	2335	67731	2020-12-08 11:13:12.150
121257	001810	2330	2370	2325	2335	67731	2020-12-08 11:13:58.643
122049	001810	2330	2370	2325	2335	67731	2020-12-08 11:14:47.870
122844	001810	2330	2370	2325	2335	67731	2020-12-08 11:15:36.960
123638	001810	2330	2370	2325	2335	67731	2020-12-08 11:16:25.853
124426	001810	2330	2370	2325	2330	71242	2020-12-08 11:17:12.553
125221	001810	2330	2370	2325	2340	71352	2020-12-08 11:18:00.377
126010	001810	2330	2370	2325	2340	71352	2020-12-08 11:18:49.117
126803	001810	2330	2370	2325	2340	71352	2020-12-08 11:19:35.617
127595	001810	2330	2370	2325	2340	71352	2020-12-08 11:20:21.013
128379	001810	2330	2370	2325	2340	71589	2020-12-08 11:21:09.000
129173	001810	2330	2370	2325	2340	71589	2020-12-08 11:21:55.060
129965	001810	2330	2370	2325	2340	74519	2020-12-08 11:22:44.407
130757	001810	2330	2370	2325	2340	74519	2020-12-08 11:23:30.813
131556	001810	2330	2370	2325	2340	74519	2020-12-08 11:24:16.280
132352	001810	2330	2370	2325	2340	74519	2020-12-08 11:25:04.593
133131	001810	2330	2370	2325	2340	74519	2020-12-08 11:25:50.560
133915	001810	2330	2370	2325	2340	74519	2020-12-08 11:26:39.813
134715	001810	2330	2370	2325	2345	74523	2020-12-08 11:27:23.860
135519	001810	2330	2370	2325	2350	85581	2020-12-08 11:28:09.393
136304	001810	2330	2370	2325	2350	86896	2020-12-08 11:28:54.660
137092	001810	2330	2370	2325	2350	86896	2020-12-08 11:29:38.053
137892	001810	2330	2370	2325	2345	87307	2020-12-08 11:30:22.833
138685	001810	2330	2370	2325	2345	87307	2020-12-08 11:31:08.447
139473	001810	2330	2370	2325	2345	87307	2020-12-08 11:31:54.067
140259	001810	2330	2370	2325	2345	87307	2020-12-08 11:32:40.587
141060	001810	2330	2370	2325	2350	89313	2020-12-08 11:33:28.633
141849	001810	2330	2370	2325	2350	91137	2020-12-08 11:34:13.273
142636	001810	2330	2370	2325	2350	91313	2020-12-08 11:34:58.120
143434	001810	2330	2370	2325	2350	91313	2020-12-08 11:35:43.637
144215	001810	2330	2370	2325	2350	93314	2020-12-08 11:36:36.073
145015	001810	2330	2370	2325	2350	97414	2020-12-08 11:37:21.433
145811	001810	2330	2370	2325	2350	97414	2020-12-08 11:38:04.823
146598	001810	2330	2370	2325	2345	97476	2020-12-08 11:38:49.827
147391	001810	2330	2370	2325	2345	97476	2020-12-08 11:39:35.827
148180	001810	2330	2370	2325	2345	97476	2020-12-08 11:40:20.247
148973	001810	2330	2370	2325	2350	97486	2020-12-08 11:41:04.857
149761	001810	2330	2370	2325	2350	97486	2020-12-08 11:41:53.873
150556	001810	2330	2370	2325	2350	97486	2020-12-08 11:42:40.447
151353	001810	2330	2370	2325	2345	99267	2020-12-08 11:43:25.483
152141	001810	2330	2370	2325	2345	99267	2020-12-08 11:44:09.563
152938	001810	2330	2370	2325	2345	99267	2020-12-08 11:44:54.080
153732	001810	2330	2370	2325	2345	99267	2020-12-08 11:45:39.307
154519	001810	2330	2370	2325	2345	99267	2020-12-08 11:46:22.860
155320	001810	2330	2370	2325	2345	99267	2020-12-08 11:47:06.643
156106	001810	2330	2370	2325	2345	99267	2020-12-08 11:47:50.543
156896	001810	2330	2370	2325	2345	99267	2020-12-08 11:48:33.987
157691	001810	2330	2370	2325	2345	99267	2020-12-08 11:49:17.363
158481	001810	2330	2370	2325	2345	99267	2020-12-08 11:50:00.410
159267	001810	2330	2370	2325	2355	102268	2020-12-08 11:50:43.707
160055	001810	2330	2370	2325	2355	102268	2020-12-08 11:51:25.223
160846	001810	2330	2370	2325	2355	102268	2020-12-08 11:52:08.207
161645	001810	2330	2370	2325	2355	102268	2020-12-08 11:52:52.537
162443	001810	2330	2370	2325	2355	102268	2020-12-08 11:53:36.567
163225	001810	2330	2370	2325	2355	102268	2020-12-08 11:54:18.130
164031	001810	2330	2370	2325	2350	102273	2020-12-08 11:55:02.457
164816	001810	2330	2370	2325	2360	108217	2020-12-08 11:55:45.210
165609	001810	2330	2370	2325	2360	108217	2020-12-08 11:56:28.910
166405	001810	2330	2370	2325	2360	108217	2020-12-08 11:57:11.467
167192	001810	2330	2370	2325	2360	108220	2020-12-08 11:57:54.077
167978	001810	2330	2370	2325	2360	108220	2020-12-08 11:58:37.047
168774	001810	2330	2370	2325	2360	108220	2020-12-08 11:59:18.657
169573	001810	2330	2370	2325	2360	108220	2020-12-08 12:00:00.253
170355	001810	2330	2370	2325	2360	108220	2020-12-08 12:00:41.827
171153	001810	2330	2370	2325	2345	109220	2020-12-08 12:01:26.247
171947	001810	2330	2370	2325	2345	109220	2020-12-08 12:02:07.253
172733	001810	2330	2370	2325	2350	109701	2020-12-08 12:02:48.830
173525	001810	2330	2370	2325	2350	109701	2020-12-08 12:03:30.547
174317	001810	2330	2370	2325	2350	110509	2020-12-08 12:04:12.737
175112	001810	2330	2370	2325	2350	111009	2020-12-08 12:04:56.157
175906	001810	2330	2370	2325	2350	111009	2020-12-08 12:05:39.893
176691	001810	2330	2370	2325	2350	111009	2020-12-08 12:06:21.260
177492	001810	2330	2370	2325	2350	111009	2020-12-08 12:07:02.970
178288	001810	2330	2370	2325	2350	111009	2020-12-08 12:07:43.063
179076	001810	2330	2370	2325	2350	111009	2020-12-08 12:08:24.160
179864	001810	2330	2370	2325	2350	111012	2020-12-08 12:09:05.017
180658	001810	2330	2370	2325	2350	111012	2020-12-08 12:09:47.307
181458	001810	2330	2370	2325	2350	111012	2020-12-08 12:10:30.707
182239	001810	2330	2370	2325	2355	111258	2020-12-08 12:11:11.333
183035	001810	2330	2370	2325	2350	111758	2020-12-08 12:11:56.663
183832	001810	2330	2370	2325	2350	111758	2020-12-08 12:12:41.757
184608	001810	2330	2370	2325	2350	113400	2020-12-08 12:13:25.503
185409	001810	2330	2370	2325	2350	113441	2020-12-08 12:14:14.253
186200	001810	2330	2370	2325	2350	113441	2020-12-08 12:15:02.673
186995	001810	2330	2370	2325	2350	113443	2020-12-08 12:15:49.637
187778	001810	2330	2370	2325	2350	113443	2020-12-08 12:16:33.550
188567	001810	2330	2370	2325	2350	113454	2020-12-08 12:17:14.953
189372	001810	2330	2370	2325	2350	113771	2020-12-08 12:17:57.927
190163	001810	2330	2370	2325	2350	113771	2020-12-08 12:18:40.410
190953	001810	2330	2370	2325	2350	113771	2020-12-08 12:19:22.660
191745	001810	2330	2370	2325	2350	114463	2020-12-08 12:20:04.803
192539	001810	2330	2370	2325	2355	114663	2020-12-08 12:20:50.057
193329	001810	2330	2370	2325	2355	114663	2020-12-08 12:21:33.570
194112	001810	2330	2370	2325	2355	114663	2020-12-08 12:22:15.493
194910	001810	2330	2370	2325	2355	114663	2020-12-08 12:22:59.447
195707	001810	2330	2370	2325	2355	114663	2020-12-08 12:23:42.447
196497	001810	2330	2370	2325	2355	114663	2020-12-08 12:24:25.960
197291	001810	2330	2370	2325	2355	114663	2020-12-08 12:25:08.633
198074	001810	2330	2370	2325	2355	114663	2020-12-08 12:25:51.617
198869	001810	2330	2370	2325	2355	114663	2020-12-08 12:26:35.520
199665	001810	2330	2370	2325	2355	114663	2020-12-08 12:27:18.820
200464	001810	2330	2370	2325	2350	114908	2020-12-08 12:28:01.867
201249	001810	2330	2370	2325	2350	114908	2020-12-08 12:28:45.007
202044	001810	2330	2370	2325	2350	114908	2020-12-08 12:29:27.617
202821	001810	2330	2370	2325	2350	114908	2020-12-08 12:30:09.970
203626	001810	2330	2370	2325	2355	115055	2020-12-08 12:30:53.747
204417	001810	2330	2370	2325	2355	115055	2020-12-08 12:31:37.263
205209	001810	2330	2370	2325	2355	115055	2020-12-08 12:32:19.950
205999	001810	2330	2370	2325	2355	115055	2020-12-08 12:33:03.917
206797	001810	2330	2370	2325	2355	115055	2020-12-08 12:33:50.183
207578	001810	2330	2370	2325	2355	115055	2020-12-08 12:34:33.263
208379	001810	2330	2370	2325	2350	115594	2020-12-08 12:35:16.077
209167	001810	2330	2370	2325	2350	116409	2020-12-08 12:35:58.880
209962	001810	2330	2370	2325	2350	116409	2020-12-08 12:36:43.297
210768	001810	2330	2370	2325	2350	116409	2020-12-08 12:37:28.513
211543	001810	2330	2370	2325	2350	116409	2020-12-08 12:38:11.483
212321	001810	2330	2370	2325	2350	116409	2020-12-08 12:38:55.593
213136	001810	2330	2370	2325	2350	116409	2020-12-08 12:39:40.390
213916	001810	2330	2370	2325	2350	116409	2020-12-08 12:40:23.173
214711	001810	2330	2370	2325	2350	116409	2020-12-08 12:41:06.610
215485	001810	2330	2370	2325	2345	116410	2020-12-08 12:41:53.843
216304	001810	2330	2370	2325	2345	116410	2020-12-08 12:42:39.000
217086	001810	2330	2370	2325	2345	116410	2020-12-08 12:43:24.127
217875	001810	2330	2370	2325	2345	116410	2020-12-08 12:44:07.463
218674	001810	2330	2370	2325	2345	116410	2020-12-08 12:44:52.903
219467	001810	2330	2370	2325	2345	116410	2020-12-08 12:45:36.857
220270	001810	2330	2370	2325	2350	116991	2020-12-08 12:46:21.013
221053	001810	2330	2370	2325	2350	116991	2020-12-08 12:47:07.263
221834	001810	2330	2370	2325	2350	116991	2020-12-08 12:47:51.530
222633	001810	2330	2370	2325	2350	116991	2020-12-08 12:48:36.053
223422	001810	2330	2370	2325	2350	116991	2020-12-08 12:49:19.263
224219	001810	2330	2370	2325	2350	117133	2020-12-08 12:50:02.500
225008	001810	2330	2370	2325	2350	118153	2020-12-08 12:50:45.657
225803	001810	2330	2370	2325	2350	118153	2020-12-08 12:51:29.110
226595	001810	2330	2370	2325	2350	120148	2020-12-08 12:52:11.320
227373	001810	2330	2370	2325	2355	130503	2020-12-08 12:52:54.187
228174	001810	2330	2370	2325	2355	130503	2020-12-08 12:53:37.097
228970	001810	2330	2370	2325	2360	130935	2020-12-08 12:54:19.623
229753	001810	2330	2370	2325	2360	130935	2020-12-08 12:55:02.813
230540	001810	2330	2370	2325	2360	130935	2020-12-08 12:55:48.627
231344	001810	2330	2370	2325	2360	130935	2020-12-08 12:56:34.553
232133	001810	2330	2370	2325	2360	130935	2020-12-08 12:57:17.517
232927	001810	2330	2370	2325	2360	130935	2020-12-08 12:58:02.407
233721	001810	2330	2370	2325	2360	130935	2020-12-08 12:58:46.033
234510	001810	2330	2370	2325	2360	130935	2020-12-08 12:59:29.610
235303	001810	2330	2370	2325	2360	130935	2020-12-08 13:00:12.330
236095	001810	2330	2370	2325	2360	130935	2020-12-08 13:00:55.853
236891	001810	2330	2370	2325	2360	130935	2020-12-08 13:01:44.013
237684	001810	2330	2370	2325	2360	130935	2020-12-08 13:02:29.150
238470	001810	2330	2370	2325	2360	130935	2020-12-08 13:03:13.543
239264	001810	2330	2370	2325	2370	136713	2020-12-08 13:03:57.697
240054	001810	2330	2370	2325	2370	136713	2020-12-08 13:04:41.793
240852	001810	2330	2415	2325	2405	208381	2020-12-08 13:05:27.350
241650	001810	2330	2500	2325	2440	315415	2020-12-08 13:06:11.030
242433	001810	2330	2560	2325	2560	458300	2020-12-08 13:06:58.507
243216	001810	2330	2560	2325	2560	458300	2020-12-08 13:07:42.717
244017	001810	2330	2560	2325	2560	458300	2020-12-08 13:08:26.957
244803	001810	2330	2640	2325	2625	807511	2020-12-08 13:09:10.270
245598	001810	2330	2675	2325	2620	1284483	2020-12-08 13:09:54.433
246401	001810	2330	2675	2325	2620	1284483	2020-12-08 13:10:40.457
247194	001810	2330	2750	2325	2750	1663319	2020-12-08 13:11:28.503
247975	001810	2330	2865	2325	2820	2216495	2020-12-08 13:12:12.740
248767	001810	2330	2865	2325	2740	2619656	2020-12-08 13:12:54.743
249561	001810	2330	2865	2325	2740	2619656	2020-12-08 13:13:39.880
250351	001810	2330	2865	2325	2760	2840294	2020-12-08 13:14:23.070
251145	001810	2330	2865	2325	2755	2981378	2020-12-08 13:15:05.827
251940	001810	2330	2865	2325	2690	3148420	2020-12-08 13:15:48.990
252735	001810	2330	2865	2325	2690	3148420	2020-12-08 13:16:34.980
253519	001810	2330	2865	2325	2675	3287621	2020-12-08 13:17:16.557
254315	001810	2330	2865	2325	2695	3508446	2020-12-08 13:17:59.010
255104	001810	2330	2865	2325	2695	3508446	2020-12-08 13:18:42.580
255903	001810	2330	2865	2325	2750	3683433	2020-12-08 13:19:25.837
256685	001810	2330	2865	2325	2810	4207206	2020-12-08 13:20:09.463
257481	001810	2330	2865	2325	2820	4430443	2020-12-08 13:20:52.320
258273	001810	2330	2865	2325	2820	4430443	2020-12-08 13:21:36.133
259067	001810	2330	2865	2325	2785	4703737	2020-12-08 13:22:17.790
259855	001810	2330	2865	2325	2760	4848365	2020-12-08 13:23:01.230
260653	001810	2330	2865	2325	2725	4974139	2020-12-08 13:23:48.290
261442	001810	2330	2865	2325	2725	4974139	2020-12-08 13:24:33.713
262240	001810	2330	2865	2325	2770	5115255	2020-12-08 13:25:15.527
263032	001810	2330	2865	2325	2760	5171886	2020-12-08 13:25:59.957
263820	001810	2330	2865	2325	2760	5235881	2020-12-08 13:26:43.797
264608	001810	2330	2865	2325	2760	5235881	2020-12-08 13:27:27.080
265400	001810	2330	2865	2325	2730	5333609	2020-12-08 13:28:12.893
266192	001810	2330	2865	2325	2685	5476069	2020-12-08 13:28:55.050
266982	001810	2330	2865	2325	2685	5476069	2020-12-08 13:29:40.067
267776	001810	2330	2865	2325	2685	5559006	2020-12-08 13:30:23.713
268566	001810	2330	2865	2325	2715	5627096	2020-12-08 13:31:06.940
269358	001810	2330	2865	2325	2660	5718569	2020-12-08 13:31:50.177
270160	001810	2330	2865	2325	2660	5718569	2020-12-08 13:32:33.850
270949	001810	2330	2865	2325	2650	5817399	2020-12-08 13:33:16.007
271733	001810	2330	2865	2325	2665	5894690	2020-12-08 13:33:58.617
272529	001810	2330	2865	2325	2665	5894690	2020-12-08 13:34:41.130
273316	001810	2330	2865	2325	2615	5985066	2020-12-08 13:35:22.897
274105	001810	2330	2865	2325	2615	6036302	2020-12-08 13:36:06.003
274902	001810	2330	2865	2325	2580	6154502	2020-12-08 13:36:48.413
275696	001810	2330	2865	2325	2580	6154502	2020-12-08 13:37:30.520
276490	001810	2330	2865	2325	2620	6219380	2020-12-08 13:38:14.117
277282	001810	2330	2865	2325	2660	6314667	2020-12-08 13:38:56.257
278075	001810	2330	2865	2325	2660	6314667	2020-12-08 13:39:39.693
278867	001810	2330	2865	2325	2660	6392343	2020-12-08 13:40:22.663
279658	001810	2330	2865	2325	2655	6408671	2020-12-08 13:41:05.823
280450	001810	2330	2865	2325	2625	6438978	2020-12-08 13:41:48.150
281239	001810	2330	2865	2325	2625	6438978	2020-12-08 13:42:29.723
282042	001810	2330	2865	2325	2615	6470334	2020-12-08 13:43:11.577
282822	001810	2330	2865	2325	2645	6505956	2020-12-08 13:43:52.967
283616	001810	2330	2865	2325	2645	6505956	2020-12-08 13:44:36.470
284408	001810	2330	2865	2325	2620	6552301	2020-12-08 13:45:18.967
285201	001810	2330	2865	2325	2630	6578575	2020-12-08 13:46:01.250
285991	001810	2330	2865	2325	2635	6588880	2020-12-08 13:46:47.017
286790	001810	2330	2865	2325	2635	6588880	2020-12-08 13:47:30.157
287574	001810	2330	2865	2325	2645	6610198	2020-12-08 13:48:12.187
288370	001810	2330	2865	2325	2615	6634327	2020-12-08 13:48:55.597
289165	001810	2330	2865	2325	2615	6634327	2020-12-08 13:49:38.283
289959	001810	2330	2865	2325	2585	6688111	2020-12-08 13:50:20.017
290752	001810	2330	2865	2325	2555	6772486	2020-12-08 13:51:01.907
291536	001810	2330	2865	2325	2555	6772486	2020-12-08 13:51:44.127
292324	001810	2330	2865	2325	2525	6816408	2020-12-08 13:52:25.893
293120	001810	2330	2865	2325	2515	6890636	2020-12-08 13:53:07.970
293904	001810	2330	2865	2325	2550	6916486	2020-12-08 13:53:50.363
294705	001810	2330	2865	2325	2550	6916486	2020-12-08 13:54:32.543
295494	001810	2330	2865	2325	2535	6937648	2020-12-08 13:55:14.643
296289	001810	2330	2865	2325	2540	6946067	2020-12-08 13:55:57.330
297072	001810	2330	2865	2325	2550	6959804	2020-12-08 13:56:42.657
297874	001810	2330	2865	2325	2550	6959804	2020-12-08 13:57:24.597
298660	001810	2330	2865	2325	2575	6971736	2020-12-08 13:58:07.007
299456	001810	2330	2865	2325	2615	7060649	2020-12-08 13:58:49.337
300247	001810	2330	2865	2325	2615	7060649	2020-12-08 13:59:32.700
301047	001810	2330	2865	2325	2610	7096194	2020-12-08 14:00:15.063
301826	001810	2330	2865	2325	2660	7160015	2020-12-08 14:00:57.363
302627	001810	2330	2865	2325	2660	7160015	2020-12-08 14:01:39.910
303415	001810	2330	2865	2325	2620	7207249	2020-12-08 14:02:22.380
304200	001810	2330	2865	2325	2615	7232080	2020-12-08 14:03:04.993
305006	001810	2330	2865	2325	2595	7254997	2020-12-08 14:03:59.817
305794	001810	2330	2865	2325	2590	7268426	2020-12-08 14:04:45.240
306579	001810	2330	2865	2325	2590	7268426	2020-12-08 14:05:29.677
307377	001810	2330	2865	2325	2595	7281961	2020-12-08 14:06:11.693
308173	001810	2330	2865	2325	2685	7718111	2020-12-08 14:06:55.177
308959	001810	2330	2865	2325	2685	7718111	2020-12-08 14:07:39.660
309753	001810	2330	2880	2325	2875	8598200	2020-12-08 14:08:24.300
310537	001810	2330	2885	2325	2885	8854735	2020-12-08 14:09:07.753
311337	001810	2330	2885	2325	2885	8854735	2020-12-08 14:09:51.237
312124	001810	2330	2885	2325	2885	8854735	2020-12-08 14:10:34.380
312929	001810	2330	2930	2325	2865	9600876	2020-12-08 14:11:16.613
313718	001810	2330	2970	2325	2895	1.021874E+07	2020-12-08 14:11:59.537
314502	001810	2330	2970	2325	2895	1.021874E+07	2020-12-08 14:12:43.800
315297	001810	2330	2970	2325	2930	1.049277E+07	2020-12-08 14:13:35.113
316090	001810	2330	3025	2325	3025	1.160365E+07	2020-12-08 14:14:24.787
758	042000	52100	52100	52100	52100	0	2020-12-08 08:59:36.893
1547	042000	52100	52100	52100	52100	0	2020-12-08 09:00:21.263
2337	042000	52100	52100	52100	52100	0	2020-12-08 09:01:05.250
3107	042000	52300	52900	52300	52900	1987	2020-12-08 09:01:47.843
3902	042000	52300	52900	52300	52700	2747	2020-12-08 09:02:39.287
4725	042000	52300	52900	52300	52700	2747	2020-12-08 09:03:28.287
5502	042000	52300	52900	52300	52500	3386	2020-12-08 09:04:20.953
6284	042000	52300	52900	52300	52600	3507	2020-12-08 09:05:10.673
7082	042000	52300	52900	52300	52400	3574	2020-12-08 09:06:03.090
7870	042000	52300	52900	52300	52500	3584	2020-12-08 09:06:57.450
8671	042000	52300	52900	52300	52500	3712	2020-12-08 09:07:55.947
9473	042000	52300	52900	52300	52600	3792	2020-12-08 09:08:51.980
10222	042000	52300	52900	52300	52600	3964	2020-12-08 09:09:53.513
11082	042000	52300	52900	52300	52700	4254	2020-12-08 09:10:45.717
11827	042000	52300	52900	52300	52800	4964	2020-12-08 09:11:32.373
12654	042000	52300	52900	52300	52800	4964	2020-12-08 09:12:23.153
13437	042000	52300	53500	52300	53400	11290	2020-12-08 09:13:08.453
14220	042000	52300	53500	52300	52900	12679	2020-12-08 09:13:56.453
15012	042000	52300	53600	52300	53400	15074	2020-12-08 09:14:42.767
15820	042000	52300	53600	52300	53400	15074	2020-12-08 09:15:29.627
16573	042000	52300	53800	52300	53800	17199	2020-12-08 09:16:14.343
17403	042000	52300	53900	52300	53700	20220	2020-12-08 09:17:01.723
18191	042000	52300	53900	52300	53800	21307	2020-12-08 09:17:46.313
18971	042000	52300	53900	52300	53800	21307	2020-12-08 09:18:32.017
19755	042000	52300	53900	52300	53600	22416	2020-12-08 09:19:17.257
20555	042000	52300	53900	52300	53600	22753	2020-12-08 09:20:02.897
21340	042000	52300	53900	52300	53300	23972	2020-12-08 09:20:49.240
22135	042000	52300	53900	52300	53300	24578	2020-12-08 09:21:37.677
22939	042000	52300	53900	52300	53300	24578	2020-12-08 09:22:25.007
23728	042000	52300	53900	52300	53400	24915	2020-12-08 09:23:15.303
24498	042000	52300	53900	52300	53500	25617	2020-12-08 09:24:04.990
25305	042000	52300	53900	52300	53500	26088	2020-12-08 09:24:53.803
26118	042000	52300	53900	52300	53500	26329	2020-12-08 09:25:42.803
26850	042000	52300	53900	52300	53500	26329	2020-12-08 09:26:28.887
27674	042000	52300	53900	52300	53500	26726	2020-12-08 09:27:17.400
28467	042000	52300	53900	52300	53500	27349	2020-12-08 09:28:03.163
29292	042000	52300	53900	52300	53500	27484	2020-12-08 09:28:51.843
30020	042000	52300	53900	52300	53400	27571	2020-12-08 09:29:36.870
30858	042000	52300	53900	52300	53400	27571	2020-12-08 09:30:27.100
31627	042000	52300	53900	52300	53500	30592	2020-12-08 09:32:47.630
32416	042000	52300	53900	52300	53500	30853	2020-12-08 09:34:26.180
33226	042000	52300	53900	52300	53200	31872	2020-12-08 09:35:16.147
34024	042000	52300	53900	52300	53300	31901	2020-12-08 09:36:05.930
34776	042000	52300	53900	52300	53500	32644	2020-12-08 09:36:51.350
35562	042000	52300	53900	52300	53400	32762	2020-12-08 09:37:36.477
36353	042000	52300	53900	52300	53400	32762	2020-12-08 09:38:23.523
37194	042000	52300	53900	52300	53300	32914	2020-12-08 09:39:11.577
37974	042000	52300	53900	52300	53300	33091	2020-12-08 09:39:55.947
38751	042000	52300	53900	52300	53500	33666	2020-12-08 09:40:41.180
39575	042000	52300	53900	52300	53300	33882	2020-12-08 09:41:33.503
40321	042000	52300	53900	52300	53300	33882	2020-12-08 09:42:20.437
41157	042000	52300	53900	52300	53300	34589	2020-12-08 09:43:08.983
41923	042000	52300	53900	52300	53200	34653	2020-12-08 09:43:55.343
42720	042000	52300	53900	52300	53400	34710	2020-12-08 09:44:41.907
43519	042000	52300	53900	52300	53400	34710	2020-12-08 09:45:29.993
44327	042000	52300	53900	52300	53300	34995	2020-12-08 09:46:17.263
45112	042000	52300	53900	52300	53400	35075	2020-12-08 09:47:06.593
45927	042000	52300	53900	52300	53200	35689	2020-12-08 09:48:00.797
46684	042000	52300	53900	52300	53200	35883	2020-12-08 09:48:48.900
47460	042000	52300	53900	52300	53100	36212	2020-12-08 09:49:34.703
48266	042000	52300	53900	52300	53100	36212	2020-12-08 09:50:29.640
49064	042000	52300	53900	52300	53200	36375	2020-12-08 09:51:31.320
49847	042000	52300	53900	52300	53100	36428	2020-12-08 09:52:28.767
50665	042000	52300	53900	52300	53200	36697	2020-12-08 09:53:29.767
51476	042000	52300	53900	52300	53000	37392	2020-12-08 09:54:30.970
52264	042000	52300	53900	52300	53000	37709	2020-12-08 09:55:29.923
53042	042000	52300	53900	52300	53000	37883	2020-12-08 09:56:27.957
53800	042000	52300	53900	52300	52900	38564	2020-12-08 09:57:25.347
54641	042000	52300	53900	52300	53000	38663	2020-12-08 09:58:28.693
55390	042000	52300	53900	52300	52900	38918	2020-12-08 09:59:13.757
56178	042000	52300	53900	52300	52900	38979	2020-12-08 09:59:59.460
56984	042000	52300	53900	52300	53200	40186	2020-12-08 10:00:49.543
57749	042000	52300	53900	52300	53200	40776	2020-12-08 10:01:37.813
58568	042000	52300	53900	52300	53200	40776	2020-12-08 10:02:28.910
59376	042000	52300	53900	52300	53300	40942	2020-12-08 10:03:17.660
60149	042000	52300	53900	52300	53200	40996	2020-12-08 10:04:02.503
60958	042000	52300	53900	52300	53300	41261	2020-12-08 10:04:54.783
61717	042000	52300	53900	52300	53600	45085	2020-12-08 10:05:54.920
62527	042000	52300	53900	52300	53500	45540	2020-12-08 10:07:01.710
63334	042000	52300	53900	52300	53600	45789	2020-12-08 10:08:09.977
64106	042000	52300	53900	52300	53700	47305	2020-12-08 10:09:17.060
64932	042000	52300	53900	52300	53700	47425	2020-12-08 10:10:25.383
65676	042000	52300	53900	52300	53600	48657	2020-12-08 10:11:30.790
66489	042000	52300	53900	52300	53500	49651	2020-12-08 10:12:39.620
67298	042000	52300	53900	52300	53400	50787	2020-12-08 10:13:50.227
68028	042000	52300	53900	52300	53400	50831	2020-12-08 10:15:01.573
68861	042000	52300	53900	52300	53300	50918	2020-12-08 10:16:11.507
69664	042000	52300	53900	52300	53300	51411	2020-12-08 10:17:16.807
70457	042000	52300	53900	52300	53200	51446	2020-12-08 10:18:20.620
71237	042000	52300	53900	52300	53200	51663	2020-12-08 10:19:25.637
72041	042000	52300	53900	52300	53100	52779	2020-12-08 10:20:14.027
72828	042000	52300	53900	52300	53300	53113	2020-12-08 10:21:00.450
73601	042000	52300	53900	52300	53200	53329	2020-12-08 10:21:46.277
74423	042000	52300	53900	52300	53100	53540	2020-12-08 10:22:35.107
75191	042000	52300	53900	52300	53100	53540	2020-12-08 10:23:20.667
75973	042000	52300	53900	52300	53200	53576	2020-12-08 10:24:08.813
76794	042000	52300	53900	52300	53100	54146	2020-12-08 10:25:00.453
77572	042000	52300	53900	52300	53200	54739	2020-12-08 10:25:45.940
78356	042000	52300	53900	52300	53200	54888	2020-12-08 10:26:32.923
79165	042000	52300	53900	52300	53200	54888	2020-12-08 10:27:20.610
79924	042000	52300	53900	52300	53100	54913	2020-12-08 10:28:06.563
80769	042000	52300	53900	52300	53300	55400	2020-12-08 10:28:54.333
81531	042000	52300	53900	52300	53200	56268	2020-12-08 10:29:38.910
82318	042000	52300	53900	52300	53200	56268	2020-12-08 10:30:27.657
83134	042000	52300	53900	52300	53000	58399	2020-12-08 10:31:16.507
83937	042000	52300	53900	52300	53000	58399	2020-12-08 10:32:02.317
84701	042000	52300	53900	52300	53400	59117	2020-12-08 10:32:49.350
85508	042000	52300	53900	52300	53400	59409	2020-12-08 10:33:40.460
86275	042000	52300	53900	52300	53400	59409	2020-12-08 10:34:28.473
87068	042000	52300	53900	52300	53200	60693	2020-12-08 10:35:16.100
87867	042000	52300	53900	52300	53400	61851	2020-12-08 10:36:04.007
88669	042000	52300	53900	52300	53400	61851	2020-12-08 10:36:58.087
89455	042000	52300	53900	52300	53300	61979	2020-12-08 10:37:46.563
90216	042000	52300	53900	52300	53200	63064	2020-12-08 10:38:35.627
90993	042000	52300	53900	52300	53200	63064	2020-12-08 10:39:25.297
91788	042000	52300	53900	52300	53400	63367	2020-12-08 10:40:17.457
92607	042000	52300	53900	52300	53200	63435	2020-12-08 10:41:11.640
93401	042000	52300	53900	52300	53300	63649	2020-12-08 10:42:02.220
94199	042000	52300	53900	52300	53300	63744	2020-12-08 10:42:52.703
95026	042000	52300	53900	52300	53100	64114	2020-12-08 10:43:42.567
95791	042000	52300	53900	52300	53300	65094	2020-12-08 10:44:31.567
96560	042000	52300	53900	52300	53300	65094	2020-12-08 10:45:19.897
97351	042000	52300	53900	52300	53300	65294	2020-12-08 10:46:07.663
98183	042000	52300	53900	52300	53100	65417	2020-12-08 10:46:57.400
98963	042000	52300	53900	52300	53200	65607	2020-12-08 10:47:46.183
99765	042000	52300	53900	52300	53300	65659	2020-12-08 10:48:42.777
100565	042000	52300	53900	52300	53300	67559	2020-12-08 10:49:40.387
101349	042000	52300	53900	52300	53200	68429	2020-12-08 10:50:40.573
102146	042000	52300	53900	52300	53100	68438	2020-12-08 10:51:44.717
102931	042000	52300	53900	52300	53400	68499	2020-12-08 10:52:46.343
103702	042000	52300	53900	52300	53400	68502	2020-12-08 10:53:43.497
104519	042000	52300	53900	52300	53300	68599	2020-12-08 10:54:55.933
105300	042000	52300	53900	52300	53200	68798	2020-12-08 10:56:35.020
106093	042000	52300	53900	52300	53500	71232	2020-12-08 10:58:10.083
106915	042000	52300	53900	52300	53800	78917	2020-12-08 10:59:00.707
107668	042000	52300	53900	52300	53700	79560	2020-12-08 10:59:43.287
108449	042000	52300	53900	52300	53700	79560	2020-12-08 11:00:30.383
109261	042000	52300	53900	52300	53700	80459	2020-12-08 11:01:23.117
110060	042000	52300	53900	52300	53700	80816	2020-12-08 11:02:09.883
110836	042000	52300	53900	52300	53700	81817	2020-12-08 11:03:07.723
111604	042000	52300	53900	52300	53600	82311	2020-12-08 11:04:06.033
112397	042000	52300	53900	52300	53700	82436	2020-12-08 11:04:54.153
113204	042000	52300	53900	52300	53700	82737	2020-12-08 11:05:46.043
114007	042000	52300	53900	52300	53700	82791	2020-12-08 11:06:36.217
114793	042000	52300	53900	52300	53700	82791	2020-12-08 11:07:23.633
115598	042000	52300	53900	52300	53600	82826	2020-12-08 11:08:11.087
116359	042000	52300	53900	52300	53600	83214	2020-12-08 11:08:55.197
117199	042000	52300	53900	52300	53500	84486	2020-12-08 11:09:41.947
117956	042000	52300	53900	52300	53500	84486	2020-12-08 11:10:29.400
118787	042000	52300	53900	52300	53500	84665	2020-12-08 11:11:19.290
119532	042000	52300	53900	52300	53500	84716	2020-12-08 11:12:04.103
120346	042000	52300	53900	52300	53700	84908	2020-12-08 11:12:51.853
121146	042000	52300	53900	52300	53600	85002	2020-12-08 11:13:39.073
121932	042000	52300	53900	52300	53600	85002	2020-12-08 11:14:27.807
122696	042000	52300	53900	52300	53600	85044	2020-12-08 11:15:16.400
123502	042000	52300	53900	52300	53600	85200	2020-12-08 11:16:04.857
124299	042000	52300	53900	52300	53600	85321	2020-12-08 11:16:52.070
125132	042000	52300	53900	52300	53600	85531	2020-12-08 11:17:41.800
125879	042000	52300	53900	52300	53600	85531	2020-12-08 11:18:28.787
126671	042000	52300	53900	52300	53600	85563	2020-12-08 11:19:15.663
127477	042000	52300	53900	52300	53600	85604	2020-12-08 11:20:01.007
128246	042000	52300	53900	52300	53600	86387	2020-12-08 11:20:48.750
129055	042000	52300	53900	52300	53700	86415	2020-12-08 11:21:35.320
129824	042000	52300	53900	52300	53700	86415	2020-12-08 11:22:23.767
130654	042000	52300	53900	52300	53700	87454	2020-12-08 11:23:11.373
131442	042000	52300	53900	52300	53700	87678	2020-12-08 11:23:56.703
132192	042000	52300	53900	52300	53500	88327	2020-12-08 11:24:42.663
133031	042000	52300	53900	52300	53500	88327	2020-12-08 11:25:31.610
133829	042000	52300	53900	52300	53600	88707	2020-12-08 11:26:21.280
134588	042000	52300	53900	52300	53600	88792	2020-12-08 11:27:03.813
135379	042000	52300	53900	52300	53600	89024	2020-12-08 11:27:48.283
136199	042000	52300	53900	52300	53700	89375	2020-12-08 11:28:35.300
136972	042000	52300	53900	52300	53700	89375	2020-12-08 11:29:18.523
137766	042000	52300	53900	52300	53800	92104	2020-12-08 11:30:02.197
138559	042000	52300	53900	52300	53900	93757	2020-12-08 11:30:48.367
139340	042000	52300	53900	52300	53800	94346	2020-12-08 11:31:34.007
140159	042000	52300	53900	52300	53800	94346	2020-12-08 11:32:21.120
140914	042000	52300	53900	52300	53700	95027	2020-12-08 11:33:07.247
141750	042000	52300	53900	52300	53800	95411	2020-12-08 11:33:53.743
142521	042000	52300	53900	52300	53800	96003	2020-12-08 11:34:38.930
143316	042000	52300	53900	52300	53800	96003	2020-12-08 11:35:24.370
144108	042000	52300	53900	52300	53800	96566	2020-12-08 11:36:16.760
144874	042000	52300	53900	52300	53700	97431	2020-12-08 11:37:00.823
145707	042000	52300	53900	52300	53800	100276	2020-12-08 11:37:45.760
146502	042000	52300	54000	52300	53800	101251	2020-12-08 11:38:31.267
147259	042000	52300	54000	52300	53800	101251	2020-12-08 11:39:15.703
148053	042000	52300	54000	52300	53700	101936	2020-12-08 11:39:59.973
148861	042000	52300	54000	52300	53900	102036	2020-12-08 11:40:45.497
149646	042000	52300	54000	52300	53900	102505	2020-12-08 11:41:33.983
150417	042000	52300	54000	52300	53900	102505	2020-12-08 11:42:19.703
151230	042000	52300	54000	52300	53900	102530	2020-12-08 11:43:05.670
152035	042000	52300	55200	52300	55200	127958	2020-12-08 11:43:50.517
152797	042000	52300	56000	52300	54900	149994	2020-12-08 11:44:33.863
153614	042000	52300	56000	52300	54900	149994	2020-12-08 11:45:19.817
154399	042000	52300	56000	52300	54500	155975	2020-12-08 11:46:02.550
155178	042000	52300	56000	52300	55200	162696	2020-12-08 11:46:45.643
156001	042000	52300	56000	52300	55200	162696	2020-12-08 11:47:31.800
156807	042000	52300	56000	52300	54700	164609	2020-12-08 11:48:15.803
157574	042000	52300	56000	52300	54700	168281	2020-12-08 11:48:57.813
158361	042000	52300	56000	52300	55000	169734	2020-12-08 11:49:41.457
159146	042000	52300	56000	52300	55000	169734	2020-12-08 11:50:24.097
159916	042000	52300	56000	52300	54600	170753	2020-12-08 11:51:05.300
160741	042000	52300	56000	52300	54400	172995	2020-12-08 11:51:49.300
161539	042000	52300	56000	52300	54800	174207	2020-12-08 11:52:33.360
162310	042000	52300	56000	52300	54800	174207	2020-12-08 11:53:16.737
163112	042000	52300	56000	52300	54800	178945	2020-12-08 11:53:59.033
163928	042000	52300	56000	52300	54700	179272	2020-12-08 11:54:42.943
164702	042000	52300	56000	52300	54700	179272	2020-12-08 11:55:26.130
165498	042000	52300	56000	52300	54800	180762	2020-12-08 11:56:09.693
166278	042000	52300	56000	52300	54700	181413	2020-12-08 11:56:51.857
167082	042000	52300	56000	52300	54600	182097	2020-12-08 11:57:35.267
167863	042000	52300	56000	52300	54600	182097	2020-12-08 11:58:17.873
168660	042000	52300	56000	52300	54100	184579	2020-12-08 11:58:59.640
169442	042000	52300	56000	52300	54400	184977	2020-12-08 11:59:40.453
170260	042000	52300	56000	52300	54400	184977	2020-12-08 12:00:23.357
171022	042000	52300	56000	52300	54300	185250	2020-12-08 12:01:04.717
171838	042000	52300	56000	52300	54500	187177	2020-12-08 12:01:48.440
172621	042000	52300	56000	52300	54500	187177	2020-12-08 12:02:29.407
173387	042000	52300	56000	52300	54700	188041	2020-12-08 12:03:10.830
174183	042000	52300	56000	52300	54700	188236	2020-12-08 12:03:52.760
174985	042000	52300	56000	52300	54800	188873	2020-12-08 12:04:36.110
175780	042000	52300	56000	52300	54800	188873	2020-12-08 12:05:20.503
176599	042000	52300	56000	52300	54900	189276	2020-12-08 12:06:02.893
177354	042000	52300	56000	52300	55000	191923	2020-12-08 12:06:43.340
178143	042000	52300	56000	52300	55000	191923	2020-12-08 12:07:23.207
178960	042000	52300	56000	52300	54700	193439	2020-12-08 12:08:05.223
179759	042000	52300	56000	52300	54800	194060	2020-12-08 12:08:46.517
180548	042000	52300	56000	52300	54800	194060	2020-12-08 12:09:28.300
181321	042000	52300	56000	52300	54700	194661	2020-12-08 12:10:10.627
182138	042000	52300	56000	52300	54600	194780	2020-12-08 12:10:52.550
182928	042000	52300	56000	52300	54600	194933	2020-12-08 12:11:37.553
183697	042000	52300	56000	52300	54600	194933	2020-12-08 12:12:21.283
184523	042000	52300	56000	52300	54500	195634	2020-12-08 12:13:06.910
185270	042000	52300	56000	52300	54400	195956	2020-12-08 12:13:53.003
186085	042000	52300	56000	52300	54500	196134	2020-12-08 12:14:42.737
186855	042000	52300	56000	52300	54500	196134	2020-12-08 12:15:29.647
187678	042000	52300	56000	52300	54500	196942	2020-12-08 12:16:14.270
188479	042000	52300	56000	52300	54500	197096	2020-12-08 12:16:56.830
189228	042000	52300	56000	52300	54700	197307	2020-12-08 12:17:37.630
190063	042000	52300	56000	52300	54700	197307	2020-12-08 12:18:21.973
190815	042000	52300	56000	52300	54600	197649	2020-12-08 12:19:02.883
191641	042000	52300	56000	52300	54700	197981	2020-12-08 12:19:45.817
192388	042000	52300	56000	52300	54700	197981	2020-12-08 12:20:29.117
193207	042000	52300	56000	52300	54600	198442	2020-12-08 12:21:13.913
194008	042000	52300	56000	52300	54800	199186	2020-12-08 12:21:56.430
194790	042000	52300	56000	52300	54700	199238	2020-12-08 12:22:39.963
195582	042000	52300	56000	52300	54700	199238	2020-12-08 12:23:23.257
196391	042000	52300	56000	52300	54700	199374	2020-12-08 12:24:06.523
197197	042000	52300	56000	52300	54600	199409	2020-12-08 12:24:50.047
197950	042000	52300	56000	52300	54700	199621	2020-12-08 12:25:31.927
198747	042000	52300	56000	52300	54700	199621	2020-12-08 12:26:16.037
199520	042000	52300	56000	52300	54700	199748	2020-12-08 12:26:58.227
200323	042000	52300	56000	52300	54700	199939	2020-12-08 12:27:41.807
201136	042000	52300	56000	52300	54700	199939	2020-12-08 12:28:25.273
201927	042000	52300	56000	52300	54700	200510	2020-12-08 12:29:08.337
202696	042000	52300	56000	52300	54800	200978	2020-12-08 12:29:49.837
203486	042000	52300	56000	52300	55300	207678	2020-12-08 12:30:33.933
204302	042000	52300	56000	52300	55300	207678	2020-12-08 12:31:18.057
205099	042000	52300	56000	52300	55300	209717	2020-12-08 12:32:01.057
205895	042000	52300	56000	52300	55100	211055	2020-12-08 12:32:44.793
206682	042000	52300	56000	52300	55100	211055	2020-12-08 12:33:31.153
207461	042000	52300	56000	52300	55000	212601	2020-12-08 12:34:14.030
208258	042000	52300	56000	52300	55000	213838	2020-12-08 12:34:56.387
209054	042000	52300	56000	52300	55000	214759	2020-12-08 12:35:39.700
209827	042000	52300	56000	52300	55000	214759	2020-12-08 12:36:23.437
210619	042000	52300	56000	52300	54900	215127	2020-12-08 12:37:07.390
211429	042000	52300	56000	52300	55000	215526	2020-12-08 12:37:52.327
212225	042000	52300	56000	52300	55000	215526	2020-12-08 12:38:36.920
212994	042000	52300	56000	52300	55000	215835	2020-12-08 12:39:20.327
213791	042000	52300	56000	52300	55100	217087	2020-12-08 12:40:02.780
214577	042000	52300	56000	52300	55000	217188	2020-12-08 12:40:46.170
215382	042000	52300	56000	52300	54800	217782	2020-12-08 12:41:34.443
216134	042000	52300	56000	52300	54800	217782	2020-12-08 12:42:17.267
216978	042000	52300	56000	52300	54900	218122	2020-12-08 12:43:04.407
217766	042000	52300	56000	52300	54800	218133	2020-12-08 12:43:48.330
218548	042000	52300	56000	52300	54800	218583	2020-12-08 12:44:33.387
219361	042000	52300	56000	52300	54800	218583	2020-12-08 12:45:17.750
220141	042000	52300	56000	52300	55000	219833	2020-12-08 12:46:00.640
220954	042000	52300	56000	52300	55200	222015	2020-12-08 12:46:48.683
221733	042000	52300	56000	52300	55300	222212	2020-12-08 12:47:32.530
222486	042000	52300	56000	52300	55300	222212	2020-12-08 12:48:15.327
223287	042000	52300	56000	52300	55200	222867	2020-12-08 12:48:59.310
224096	042000	52300	56000	52300	55100	222981	2020-12-08 12:49:43.280
224885	042000	52300	56000	52300	55100	222981	2020-12-08 12:50:25.910
225667	042000	52300	56000	52300	55200	223050	2020-12-08 12:51:09.047
226484	042000	52300	56000	52300	55200	223210	2020-12-08 12:51:52.283
227294	042000	52300	56000	52300	55100	223430	2020-12-08 12:52:36.233
228042	042000	52300	56000	52300	55100	223430	2020-12-08 12:53:17.390
228848	042000	52300	56000	52300	55100	224100	2020-12-08 12:53:59.923
229633	042000	52300	56000	52300	55000	224224	2020-12-08 12:54:43.453
230422	042000	52300	56000	52300	55000	224224	2020-12-08 12:55:27.963
231206	042000	52300	56000	52300	55000	224885	2020-12-08 12:56:12.907
231988	042000	52300	56000	52300	55000	225312	2020-12-08 12:56:57.363
232799	042000	52300	56000	52300	55300	227265	2020-12-08 12:57:42.313
233590	042000	52300	56000	52300	55300	227265	2020-12-08 12:58:26.033
234415	042000	52300	56000	52300	55700	241078	2020-12-08 12:59:10.830
235181	042000	52300	56000	52300	55700	242690	2020-12-08 12:59:52.783
235968	042000	52300	56000	52300	55700	242690	2020-12-08 13:00:36.080
236787	042000	52300	56000	52300	55500	243602	2020-12-08 13:01:24.857
237552	042000	52300	56000	52300	55400	244771	2020-12-08 13:02:08.750
238381	042000	52300	56000	52300	55700	246870	2020-12-08 13:02:55.497
239144	042000	52300	56000	52300	55700	247897	2020-12-08 13:03:38.137
239940	042000	52300	56000	52300	55700	247897	2020-12-08 13:04:22.840
240726	042000	52300	56100	52300	55900	263584	2020-12-08 13:05:07.483
241535	042000	52300	56100	52300	56000	267052	2020-12-08 13:05:51.653
242296	042000	52300	56100	52300	56000	267052	2020-12-08 13:06:37.983
243110	042000	52300	56800	52300	56700	276566	2020-12-08 13:07:23.437
243870	042000	52300	57500	52300	57500	301076	2020-12-08 13:08:06.643
244678	042000	52300	57500	52300	57500	306011	2020-12-08 13:08:50.567
245448	042000	52300	57500	52300	57500	306011	2020-12-08 13:09:33.740
246258	042000	52300	57500	52300	57500	306011	2020-12-08 13:10:19.600
247088	042000	52300	58300	52300	58300	350322	2020-12-08 13:11:06.410
247873	042000	52300	59000	52300	58400	399228	2020-12-08 13:11:53.590
248650	042000	52300	59000	52300	58400	399228	2020-12-08 13:12:35.600
249437	042000	52300	59000	52300	58100	427116	2020-12-08 13:13:20.567
250258	042000	52300	59000	52300	58300	441906	2020-12-08 13:14:04.350
251036	042000	52300	59000	52300	58000	454072	2020-12-08 13:14:46.693
251809	042000	52300	59000	52300	58000	454072	2020-12-08 13:15:29.150
252580	042000	52300	59000	52300	57700	462334	2020-12-08 13:16:11.620
253401	042000	52300	59000	52300	58200	481838	2020-12-08 13:16:57.467
254192	042000	52300	59000	52300	57900	490575	2020-12-08 13:17:39.133
255016	042000	52300	59000	52300	57900	490575	2020-12-08 13:18:24.183
255763	042000	52300	59000	52300	57700	496687	2020-12-08 13:19:05.553
256588	042000	52300	59000	52300	57400	506628	2020-12-08 13:19:50.557
257350	042000	52300	59000	52300	57400	506628	2020-12-08 13:20:32.603
258149	042000	52300	59000	52300	58000	514394	2020-12-08 13:21:16.790
258940	042000	52300	59000	52300	58800	540686	2020-12-08 13:21:58.080
259733	042000	52300	60000	52300	59800	613512	2020-12-08 13:22:41.540
260535	042000	52300	60000	52300	59800	613512	2020-12-08 13:23:28.650
261321	042000	52300	61200	52300	60400	687465	2020-12-08 13:24:14.133
262092	042000	52300	61200	52300	59700	713768	2020-12-08 13:24:55.503
262925	042000	52300	61200	52300	59900	738461	2020-12-08 13:25:40.493
263688	042000	52300	61200	52300	59900	738461	2020-12-08 13:26:23.293
264489	042000	52300	61200	52300	60500	772538	2020-12-08 13:27:07.563
265267	042000	52300	62000	52300	62000	840481	2020-12-08 13:27:52.773
266082	042000	52300	62600	52300	61800	898550	2020-12-08 13:28:36.143
266868	042000	52300	62600	52300	61800	898550	2020-12-08 13:29:20.917
267644	042000	52300	63700	52300	63700	996340	2020-12-08 13:30:03.567
268455	042000	52300	63700	52300	63700	996340	2020-12-08 13:30:47.770
269220	042000	52300	63700	52300	63700	996340	2020-12-08 13:31:30.393
270036	042000	52300	63700	52300	63700	996340	2020-12-08 13:32:14.473
270858	042000	52300	65300	52300	64900	1130855	2020-12-08 13:32:57.810
271598	042000	52300	65300	52300	64400	1183199	2020-12-08 13:33:38.457
272419	042000	52300	65300	52300	64400	1183199	2020-12-08 13:34:22.473
273200	042000	52300	65300	52300	64000	1219927	2020-12-08 13:35:03.897
273972	042000	52300	65300	52300	63500	1262639	2020-12-08 13:35:45.803
274777	042000	52300	65300	52300	63500	1262639	2020-12-08 13:36:28.773
275555	042000	52300	65300	52300	64600	1320130	2020-12-08 13:37:10.397
276372	042000	52300	66100	52300	65000	1421526	2020-12-08 13:37:54.850
277161	042000	52300	66100	52300	64500	1452406	2020-12-08 13:38:37.133
277950	042000	52300	66100	52300	64500	1452406	2020-12-08 13:39:20.070
278752	042000	52300	66100	52300	64900	1484676	2020-12-08 13:40:03.150
279527	042000	52300	66100	52300	64800	1500972	2020-12-08 13:40:45.970
280317	042000	52300	66100	52300	64800	1500972	2020-12-08 13:41:28.413
281114	042000	52300	66100	52300	65900	1535299	2020-12-08 13:42:10.170
281916	042000	52300	67700	52300	67000	1702195	2020-12-08 13:42:52.030
282706	042000	52300	67700	52300	67000	1702195	2020-12-08 13:43:34.030
283486	042000	52300	67700	52300	67700	1905769	2020-12-08 13:44:16.190
284265	042000	52300	67700	52300	66900	2090786	2020-12-08 13:44:59.003
285081	042000	52300	67700	52300	66600	2124796	2020-12-08 13:45:41.657
285889	042000	52300	67700	52300	66600	2124796	2020-12-08 13:46:28.360
286649	042000	52300	67700	52300	66400	2161130	2020-12-08 13:47:10.000
287434	042000	52300	67700	52300	66100	2185913	2020-12-08 13:47:52.427
288236	042000	52300	67700	52300	66500	2204682	2020-12-08 13:48:35.547
289021	042000	52300	67700	52300	66500	2204682	2020-12-08 13:49:17.860
289815	042000	52300	67700	52300	66100	2233033	2020-12-08 13:49:59.797
290610	042000	52300	67700	52300	66300	2250811	2020-12-08 13:50:41.690
291405	042000	52300	67700	52300	66300	2250811	2020-12-08 13:51:24.570
292213	042000	52300	67700	52300	66500	2267979	2020-12-08 13:52:07.283
292974	042000	52300	67700	52300	66300	2280709	2020-12-08 13:52:48.083
293793	042000	52300	67700	52300	66300	2280709	2020-12-08 13:53:31.517
294562	042000	52300	67700	52300	66700	2294867	2020-12-08 13:54:12.503
295390	042000	52300	67700	52300	67500	2334563	2020-12-08 13:54:55.940
296160	042000	52300	67700	52300	67400	2363102	2020-12-08 13:55:37.520
296974	042000	52300	67700	52300	67400	2363102	2020-12-08 13:56:23.840
297751	042000	52300	67700	52300	67600	2475857	2020-12-08 13:57:05.453
298547	042000	52300	67700	52300	67700	2528078	2020-12-08 13:57:47.830
299319	042000	52300	67700	52300	67700	2528078	2020-12-08 13:58:29.440
300106	042000	52300	67700	52300	67700	2533258	2020-12-08 13:59:12.207
300919	042000	52300	67700	52300	67700	2543755	2020-12-08 13:59:55.220
301703	042000	52300	67700	52300	67700	2557619	2020-12-08 14:00:37.970
302498	042000	52300	67700	52300	67700	2557619	2020-12-08 14:01:20.473
303312	042000	52300	67700	52300	67700	2565959	2020-12-08 14:02:03.367
304083	042000	52300	67700	52300	66700	2697640	2020-12-08 14:02:44.850
304876	042000	52300	67700	52300	66800	2726908	2020-12-08 14:03:39.973
305654	042000	52300	67700	52300	66800	2726908	2020-12-08 14:04:24.143
306465	042000	52300	67700	52300	67100	2742575	2020-12-08 14:05:10.317
307232	042000	52300	67700	52300	66200	2796368	2020-12-08 14:05:51.800
308076	042000	52300	67700	52300	66600	2816145	2020-12-08 14:06:36.503
308844	042000	52300	67700	52300	66600	2816145	2020-12-08 14:07:20.503
309623	042000	52300	67700	52300	66300	2830945	2020-12-08 14:08:02.440
310433	042000	52300	67700	52300	66100	2843417	2020-12-08 14:08:48.723
311193	042000	52300	67700	52300	66100	2843417	2020-12-08 14:09:30.583
311993	042000	52300	67700	52300	66200	2853236	2020-12-08 14:10:14.363
312803	042000	52300	67700	52300	66700	2862293	2020-12-08 14:10:56.973
313573	042000	52300	67700	52300	66900	2877768	2020-12-08 14:11:39.020
314396	042000	52300	67700	52300	66900	2877768	2020-12-08 14:12:24.613
315149	042000	52300	67700	52300	66800	2886361	2020-12-08 14:13:13.740
315935	042000	52300	67700	52300	66700	2891580	2020-12-08 14:14:02.113