AllTimePriceId	code	startval	highval	lowval	curval	curvol	Regdate
83	187870	37550	38750	37150	37700	165732	2020-12-04 10:45:04.463
354	187870	37550	38750	37150	37700	165756	2020-12-04 10:45:33.237
623	187870	37550	38750	37150	37700	165756	2020-12-04 10:45:58.980
884	187870	37550	38750	37150	37650	166179	2020-12-04 10:46:26.257
1162	187870	37550	38750	37150	37650	166179	2020-12-04 10:46:53.813
1419	187870	37550	38750	37150	37700	166254	2020-12-04 10:47:20.470
1695	187870	37550	38750	37150	37700	166254	2020-12-04 10:47:48.420
1959	187870	37550	38750	37150	37650	166326	2020-12-04 10:48:15.930
2227	187870	37550	38750	37150	37650	166326	2020-12-04 10:48:42.783
2495	187870	37550	38750	37150	37650	167445	2020-12-04 10:49:32.423
2754	187870	37550	38750	37150	37800	167973	2020-12-04 10:50:39.220
3030	187870	37550	38750	37150	37750	168383	2020-12-04 10:51:09.110
3293	187870	37550	38750	37150	37750	168383	2020-12-04 10:51:38.380
3551	187870	37550	38750	37150	37750	168408	2020-12-04 10:52:06.370
3829	187870	37550	38750	37150	37750	168408	2020-12-04 10:52:34.740
4095	187870	37550	38750	37150	37750	168408	2020-12-04 10:53:01.587
4357	187870	37550	38750	37150	37800	168558	2020-12-04 10:53:28.870
4631	187870	37550	38750	37150	37800	168558	2020-12-04 10:53:58.523
4900	187870	37550	38750	37150	37800	168765	2020-12-04 10:54:29.183
5163	187870	37550	38750	37150	37800	168765	2020-12-04 10:54:58.113
5435	187870	37550	38750	37150	37800	168866	2020-12-04 10:55:25.917
5688	187870	37550	38750	37150	37800	168866	2020-12-04 10:55:51.883
5961	187870	37550	38750	37150	37800	168985	2020-12-04 10:56:20.363
6227	187870	37550	38750	37150	37800	168985	2020-12-04 10:56:47.753
6503	187870	37550	38750	37150	37800	169424	2020-12-04 10:57:14.950
6774	187870	37550	38750	37150	37800	169424	2020-12-04 10:57:42.030
7029	187870	37550	38750	37150	37750	169484	2020-12-04 10:58:08.477
7297	187870	37550	38750	37150	37750	169484	2020-12-04 10:58:36.290
7573	187870	37550	38750	37150	37750	169484	2020-12-04 10:59:03.113
7837	187870	37550	38750	37150	37850	171090	2020-12-04 10:59:30.240
8098	187870	37550	38750	37150	37850	171090	2020-12-04 10:59:56.110
8374	187870	37550	38750	37150	37850	171368	2020-12-04 11:00:23.980
8637	187870	37550	38750	37150	37850	171368	2020-12-04 11:00:51.347
8909	187870	37550	38750	37150	37850	171505	2020-12-04 11:01:19.853
9170	187870	37550	38750	37150	37850	171505	2020-12-04 11:01:47.080
9440	187870	37550	38750	37150	37950	172609	2020-12-04 11:02:14.743
9702	187870	37550	38750	37150	37950	172609	2020-12-04 11:02:41.800
9962	187870	37550	38750	37150	38000	172916	2020-12-04 11:03:08.787
10237	187870	37550	38750	37150	38000	172916	2020-12-04 11:03:37.920
10510	187870	37550	38750	37150	38000	172916	2020-12-04 11:04:04.717
10774	187870	37550	38750	37150	37800	173817	2020-12-04 11:04:32.053
11039	187870	37550	38750	37150	37800	173817	2020-12-04 11:04:58.660
11309	187870	37550	38750	37150	37950	174147	2020-12-04 11:05:25.447
11585	187870	37550	38750	37150	37950	174147	2020-12-04 11:05:52.683
11824	187870	37550	38750	37150	37900	174223	2020-12-04 11:06:19.983
12108	187870	37550	38750	37150	37900	174223	2020-12-04 11:06:49.157
12386	187870	37550	38750	37150	37800	175173	2020-12-04 11:07:16.930
12643	187870	37550	38750	37150	37800	175173	2020-12-04 11:07:42.870
12922	187870	37550	38750	37150	37850	175429	2020-12-04 11:08:11.293
13175	187870	37550	38750	37150	37850	175429	2020-12-04 11:08:38.067
13436	187870	37550	38750	37150	37850	175429	2020-12-04 11:09:04.690
13717	187870	37550	38750	37150	37800	175857	2020-12-04 11:09:31.950
13978	187870	37550	38750	37150	37800	175857	2020-12-04 11:09:58.213
14241	187870	37550	38750	37150	37850	175993	2020-12-04 11:10:25.680
14507	187870	37550	38750	37150	37850	175993	2020-12-04 11:10:53.057
14762	187870	37550	38750	37150	38100	178680	2020-12-04 11:11:19.407
15055	187870	37550	38750	37150	38100	178680	2020-12-04 11:11:48.153
15311	187870	37550	38750	37150	38000	178982	2020-12-04 11:12:14.807
15581	187870	37550	38750	37150	38000	178982	2020-12-04 11:12:42.410
15851	187870	37550	38750	37150	38000	178982	2020-12-04 11:13:09.147
16114	187870	37550	38750	37150	37900	179099	2020-12-04 11:13:36.153
16382	187870	37550	38750	37150	37900	179099	2020-12-04 11:14:04.913
16639	187870	37550	38750	37150	37900	179396	2020-12-04 11:14:32.237
16912	187870	37550	38750	37150	37900	179396	2020-12-04 11:14:59.403
17175	187870	37550	38750	37150	38000	179606	2020-12-04 11:15:27.750
17451	187870	37550	38750	37150	38000	179606	2020-12-04 11:15:55.327
17710	187870	37550	38750	37150	38000	179893	2020-12-04 11:16:22.857
17971	187870	37550	38750	37150	38000	179893	2020-12-04 11:16:49.953
18249	187870	37550	38750	37150	38050	179955	2020-12-04 11:17:17.290
18509	187870	37550	38750	37150	38050	179955	2020-12-04 11:17:44.433
18779	187870	37550	38750	37150	38150	181223	2020-12-04 11:18:12.037
19043	187870	37550	38750	37150	38150	181223	2020-12-04 11:18:39.997
19316	187870	37550	38750	37150	38150	181223	2020-12-04 11:19:08.043
19579	187870	37550	38750	37150	38200	181761	2020-12-04 11:19:33.987
19854	187870	37550	38750	37150	38200	181761	2020-12-04 11:20:01.750
20121	187870	37550	38750	37150	38150	182720	2020-12-04 11:20:30.397
20378	187870	37550	38750	37150	38150	182720	2020-12-04 11:20:57.177
20649	187870	37550	38750	37150	38150	183572	2020-12-04 11:21:25.847
20922	187870	37550	38750	37150	38150	183572	2020-12-04 11:21:52.787
21186	187870	37550	38750	37150	38200	184824	2020-12-04 11:22:18.770
21449	187870	37550	38750	37150	38200	184824	2020-12-04 11:22:46.170
21716	187870	37550	38750	37150	38150	186178	2020-12-04 11:23:13.620
21984	187870	37550	38750	37150	38150	186178	2020-12-04 11:23:41.220
22256	187870	37550	38750	37150	38150	186178	2020-12-04 11:24:08.523
22523	187870	37550	38750	37150	38150	186608	2020-12-04 11:24:35.357
22781	187870	37550	38750	37150	38150	186608	2020-12-04 11:25:02.177
23052	187870	37550	38750	37150	38150	187701	2020-12-04 11:25:30.647
23321	187870	37550	38750	37150	38150	187701	2020-12-04 11:25:56.333
23581	187870	37550	38750	37150	38150	187754	2020-12-04 11:26:21.680
23855	187870	37550	38750	37150	38150	187754	2020-12-04 11:26:47.727
24117	187870	37550	38750	37150	38150	188036	2020-12-04 11:27:13.473
24383	187870	37550	38750	37150	38150	188036	2020-12-04 11:27:38.170
24657	187870	37550	38750	37150	38150	188036	2020-12-04 11:28:04.927
24924	187870	37550	38750	37150	38400	190140	2020-12-04 11:28:30.473
25190	187870	37550	38750	37150	38400	190140	2020-12-04 11:28:55.693
25456	187870	37550	38750	37150	38300	191101	2020-12-04 11:29:20.630
25726	187870	37550	38750	37150	38300	191101	2020-12-04 11:29:46.280
25993	187870	37550	38750	37150	38350	191281	2020-12-04 11:30:11.767
26244	187870	37550	38750	37150	38350	191281	2020-12-04 11:30:36.940
26529	187870	37550	38750	37150	38350	191281	2020-12-04 11:31:03.330
26791	187870	37550	38750	37150	38450	191752	2020-12-04 11:31:28.397
27061	187870	37550	38750	37150	38450	191752	2020-12-04 11:31:53.800
27329	187870	37550	38750	37150	38450	196509	2020-12-04 11:32:19.217
27595	187870	37550	38750	37150	38450	196509	2020-12-04 11:32:46.443
27849	187870	37550	38750	37150	38400	197676	2020-12-04 11:33:11.957
28131	187870	37550	38750	37150	38400	197676	2020-12-04 11:33:38.747
28392	187870	37550	38750	37150	38350	199954	2020-12-04 11:34:05.313
28663	187870	37550	38750	37150	38350	199954	2020-12-04 11:34:32.093
28921	187870	37550	38750	37150	38350	199954	2020-12-04 11:34:57.530
29191	187870	37550	38750	37150	38350	200458	2020-12-04 11:35:24.750
29468	187870	37550	38750	37150	38350	200458	2020-12-04 11:35:51.890
29731	187870	37550	38750	37150	38250	202737	2020-12-04 11:36:18.460
29992	187870	37550	38750	37150	38250	202737	2020-12-04 11:36:44.473
30269	187870	37550	38750	37150	38250	202942	2020-12-04 11:37:13.400
30523	187870	37550	38750	37150	38250	202942	2020-12-04 11:37:39.127
30797	187870	37550	38750	37150	38200	205681	2020-12-04 11:38:05.990
31064	187870	37550	38750	37150	38200	205681	2020-12-04 11:38:33.347
31326	187870	37550	38750	37150	38200	205681	2020-12-04 11:38:59.863
31594	187870	37550	38750	37150	38200	206914	2020-12-04 11:39:30.573
31866	187870	37550	38750	37150	38200	206914	2020-12-04 11:39:56.673
32125	187870	37550	38750	37150	38100	208395	2020-12-04 11:40:22.273
32390	187870	37550	38750	37150	38100	208395	2020-12-04 11:40:49.423
32668	187870	37550	38750	37150	38100	208729	2020-12-04 11:41:16.107
32933	187870	37550	38750	37150	38100	208729	2020-12-04 11:41:42.827
33201	187870	37550	38750	37150	38100	208729	2020-12-04 11:42:08.710
33474	187870	37550	38750	37150	38200	208864	2020-12-04 11:42:36.757
33735	187870	37550	38750	37150	38200	208864	2020-12-04 11:43:03.383
34005	187870	37550	38750	37150	38100	209074	2020-12-04 11:43:32.777
34270	187870	37550	38750	37150	38100	209074	2020-12-04 11:43:58.120
34534	187870	37550	38750	37150	38150	209321	2020-12-04 11:44:24.347
34802	187870	37550	38750	37150	38150	209321	2020-12-04 11:44:51.837
35070	187870	37550	38750	37150	38200	209471	2020-12-04 11:45:16.937
35337	187870	37550	38750	37150	38200	209471	2020-12-04 11:45:42.653
35601	187870	37550	38750	37150	38200	209788	2020-12-04 11:46:11.343
35873	187870	37550	38750	37150	38200	209788	2020-12-04 11:46:38.147
36141	187870	37550	38750	37150	38200	209788	2020-12-04 11:47:02.983
36402	187870	37550	38750	37150	38250	209815	2020-12-04 11:47:31.103
36673	187870	37550	38750	37150	38250	209815	2020-12-04 11:47:56.273
36937	187870	37550	38750	37150	38150	209952	2020-12-04 11:48:22.063
37200	187870	37550	38750	37150	38150	209952	2020-12-04 11:48:48.793
37471	187870	37550	38750	37150	38200	210025	2020-12-04 11:49:15.543
37734	187870	37550	38750	37150	38200	210025	2020-12-04 11:49:41.397
38001	187870	37550	38750	37150	38200	210060	2020-12-04 11:50:10.577
38276	187870	37550	38750	37150	38200	210060	2020-12-04 11:50:36.787
38544	187870	37550	38750	37150	38200	210060	2020-12-04 11:51:03.173
38809	187870	37550	38750	37150	38150	210192	2020-12-04 11:51:33.610
39079	187870	37550	38750	37150	38150	210192	2020-12-04 11:51:59.027
39336	187870	37550	38750	37150	38250	210309	2020-12-04 11:52:24.777
39601	187870	37550	38750	37150	38250	210309	2020-12-04 11:52:52.117
39867	187870	37550	38750	37150	38250	210879	2020-12-04 11:53:17.623
40126	187870	37550	38750	37150	38250	210879	2020-12-04 11:53:43.140
40405	187870	37550	38750	37150	38150	211185	2020-12-04 11:54:11.790
40674	187870	37550	38750	37150	38150	211185	2020-12-04 11:54:37.730
40935	187870	37550	38750	37150	38150	211185	2020-12-04 11:55:02.367
41209	187870	37550	38750	37150	38200	211627	2020-12-04 11:55:27.667
41480	187870	37550	38750	37150	38200	211627	2020-12-04 11:55:53.083
41746	187870	37550	38750	37150	38300	212392	2020-12-04 11:56:18.083
42008	187870	37550	38750	37150	38300	212392	2020-12-04 11:56:43.370
42275	187870	37550	38750	37150	38200	212571	2020-12-04 11:57:08.283
42552	187870	37550	38750	37150	38200	212571	2020-12-04 11:57:35.230
42816	187870	37550	38750	37150	38200	212571	2020-12-04 11:58:00.290
43085	187870	37550	38750	37150	38250	212691	2020-12-04 11:58:25.450
43343	187870	37550	38750	37150	38250	212691	2020-12-04 11:58:49.820
43615	187870	37550	38750	37150	38250	213182	2020-12-04 11:59:14.450
43886	187870	37550	38750	37150	38250	213182	2020-12-04 11:59:40.103
44152	187870	37550	38750	37150	38200	213451	2020-12-04 12:00:04.400
44401	187870	37550	38750	37150	38200	213451	2020-12-04 12:00:30.000
44681	187870	37550	38750	37150	38200	213451	2020-12-04 12:00:56.863
44965	187870	37550	38750	37150	38050	214976	2020-12-04 12:01:24.483
45212	187870	37550	38750	37150	38050	214976	2020-12-04 12:01:50.493
45480	187870	37550	38750	37150	38250	215086	2020-12-04 12:02:15.050
45748	187870	37550	38750	37150	38250	215086	2020-12-04 12:02:39.683
46017	187870	37550	38750	37150	38250	215086	2020-12-04 12:03:03.817
46281	187870	37550	38750	37150	38250	215101	2020-12-04 12:03:28.060
46548	187870	37550	38750	37150	38250	215101	2020-12-04 12:03:52.570
46819	187870	37550	38750	37150	38050	216969	2020-12-04 12:04:19.827
47082	187870	37550	38750	37150	38050	216969	2020-12-04 12:04:44.143
47343	187870	37550	38750	37150	38100	216980	2020-12-04 12:05:08.497
47603	187870	37550	38750	37150	38100	216980	2020-12-04 12:05:33.250
47883	187870	37550	38750	37150	38100	216980	2020-12-04 12:05:57.773
48152	187870	37550	38750	37150	38000	217836	2020-12-04 12:06:22.193
48418	187870	37550	38750	37150	38000	217836	2020-12-04 12:06:46.243
48664	187870	37550	38750	37150	38000	217836	2020-12-04 12:07:10.437
48953	187870	37550	38750	37150	38000	218444	2020-12-04 12:07:35.517
49217	187870	37550	38750	37150	38000	218444	2020-12-04 12:07:59.630
49485	187870	37550	38750	37150	38050	219133	2020-12-04 12:08:24.333
49752	187870	37550	38750	37150	38050	219133	2020-12-04 12:08:48.907
50027	187870	37550	38750	37150	38000	219528	2020-12-04 12:09:14.043
50285	187870	37550	38750	37150	38000	219528	2020-12-04 12:09:39.690
50552	187870	37550	38750	37150	38000	219528	2020-12-04 12:10:03.947
50821	187870	37550	38750	37150	37950	220082	2020-12-04 12:10:31.997
51079	187870	37550	38750	37150	37950	220082	2020-12-04 12:10:56.380
51351	187870	37550	38750	37150	37950	220824	2020-12-04 12:11:20.933
51617	187870	37550	38750	37150	37950	220824	2020-12-04 12:11:46.063
51888	187870	37550	38750	37150	38000	220940	2020-12-04 12:12:11.710
52159	187870	37550	38750	37150	38000	220940	2020-12-04 12:12:37.953
52425	187870	37550	38750	37150	38000	220940	2020-12-04 12:13:03.310
52682	187870	37550	38750	37150	37950	220986	2020-12-04 12:13:29.040
52958	187870	37550	38750	37150	37950	220986	2020-12-04 12:13:55.263
53228	187870	37550	38750	37150	38200	221771	2020-12-04 12:14:20.350
53484	187870	37550	38750	37150	38200	221771	2020-12-04 12:14:45.523
53759	187870	37550	38750	37150	38100	221773	2020-12-04 12:15:11.003
54023	187870	37550	38750	37150	38100	221773	2020-12-04 12:15:35.220
54291	187870	37550	38750	37150	38100	221773	2020-12-04 12:16:00.037
54561	187870	37550	38750	37150	38100	221821	2020-12-04 12:16:25.590
54833	187870	37550	38750	37150	38100	221821	2020-12-04 12:16:51.247
55088	187870	37550	38750	37150	38050	221836	2020-12-04 12:17:15.953
55361	187870	37550	38750	37150	38050	221836	2020-12-04 12:17:41.877
55628	187870	37550	38750	37150	38050	222267	2020-12-04 12:18:07.210
55894	187870	37550	38750	37150	38050	222267	2020-12-04 12:18:32.373
56166	187870	37550	38750	37150	38050	222267	2020-12-04 12:18:57.830
56428	187870	37550	38750	37150	38000	222339	2020-12-04 12:19:23.263
56692	187870	37550	38750	37150	38000	222339	2020-12-04 12:19:47.823
56958	187870	37550	38750	37150	38000	222517	2020-12-04 12:20:12.640
57231	187870	37550	38750	37150	38000	222517	2020-12-04 12:20:38.787
57498	187870	37550	38750	37150	38000	222517	2020-12-04 12:21:04.253
57764	187870	37550	38750	37150	37950	222572	2020-12-04 12:21:30.153
58022	187870	37550	38750	37150	37950	222572	2020-12-04 12:21:54.760
58296	187870	37550	38750	37150	37950	222975	2020-12-04 12:22:20.487
58564	187870	37550	38750	37150	37950	222975	2020-12-04 12:22:45.967
58821	187870	37550	38750	37150	37950	223068	2020-12-04 12:23:10.603
59097	187870	37550	38750	37150	37950	223068	2020-12-04 12:23:35.723
59362	187870	37550	38750	37150	37950	223068	2020-12-04 12:24:00.803
59620	187870	37550	38750	37150	38000	223124	2020-12-04 12:24:25.680
59897	187870	37550	38750	37150	38000	223124	2020-12-04 12:24:51.183
60173	187870	37550	38750	37150	37950	223404	2020-12-04 12:25:17.200
60434	187870	37550	38750	37150	37950	223404	2020-12-04 12:25:41.987
60702	187870	37550	38750	37150	37950	224131	2020-12-04 12:26:06.977
60965	187870	37550	38750	37150	37950	224131	2020-12-04 12:26:31.767
61242	187870	37550	38750	37150	37950	224131	2020-12-04 12:26:57.250
61502	187870	37550	38750	37150	37900	224353	2020-12-04 12:27:22.180
61776	187870	37550	38750	37150	37900	224353	2020-12-04 12:27:48.177
62027	187870	37550	38750	37150	37900	224589	2020-12-04 12:28:13.513
62300	187870	37550	38750	37150	37900	224589	2020-12-04 12:28:38.887
62560	187870	37550	38750	37150	37900	224589	2020-12-04 12:29:03.790
62835	187870	37550	38750	37150	37900	224701	2020-12-04 12:29:29.727
63102	187870	37550	38750	37150	37900	224701	2020-12-04 12:29:55.007
63368	187870	37550	38750	37150	37950	225216	2020-12-04 12:30:20.210
63632	187870	37550	38750	37150	37950	225216	2020-12-04 12:30:46.810
63907	187870	37550	38750	37150	38000	225249	2020-12-04 12:31:12.407
64168	187870	37550	38750	37150	38000	225249	2020-12-04 12:31:37.240
64436	187870	37550	38750	37150	38000	225249	2020-12-04 12:32:02.417
64696	187870	37550	38750	37150	38000	225913	2020-12-04 12:32:28.290
64971	187870	37550	38750	37150	38000	225913	2020-12-04 12:32:55.070
65234	187870	37550	38750	37150	38050	227211	2020-12-04 12:33:20.730
65507	187870	37550	38750	37150	38050	227211	2020-12-04 12:33:46.750
65772	187870	37550	38750	37150	38050	227252	2020-12-04 12:34:13.210
66040	187870	37550	38750	37150	38050	227252	2020-12-04 12:34:39.193
66309	187870	37550	38750	37150	38050	227252	2020-12-04 12:35:04.180
66579	187870	37550	38750	37150	38000	228421	2020-12-04 12:35:29.190
66840	187870	37550	38750	37150	38000	228421	2020-12-04 12:35:54.257
67107	187870	37550	38750	37150	38050	228469	2020-12-04 12:36:19.520
67374	187870	37550	38750	37150	38050	228469	2020-12-04 12:36:45.787
67645	187870	37550	38750	37150	38000	228635	2020-12-04 12:37:10.673
67909	187870	37550	38750	37150	38000	228635	2020-12-04 12:37:36.810
68162	187870	37550	38750	37150	38000	228635	2020-12-04 12:38:01.523
68431	187870	37550	38750	37150	38000	228750	2020-12-04 12:38:27.687
68711	187870	37550	38750	37150	38000	228750	2020-12-04 12:38:54.063
68972	187870	37550	38750	37150	38000	228816	2020-12-04 12:39:19.197
69246	187870	37550	38750	37150	38000	228816	2020-12-04 12:39:44.210
69515	187870	37550	38750	37150	38000	228831	2020-12-04 12:40:08.793
69781	187870	37550	38750	37150	38000	228831	2020-12-04 12:40:35.270
70043	187870	37550	38750	37150	38000	228831	2020-12-04 12:41:00.843
70322	187870	37550	38750	37150	38050	228836	2020-12-04 12:41:27.380
70575	187870	37550	38750	37150	38050	228836	2020-12-04 12:41:52.840
70833	187870	37550	38750	37150	38000	228894	2020-12-04 12:42:17.823
71114	187870	37550	38750	37150	38000	228894	2020-12-04 12:42:43.403
71375	187870	37550	38750	37150	38000	228905	2020-12-04 12:43:07.827
71650	187870	37550	38750	37150	38000	228905	2020-12-04 12:43:35.967
71914	187870	37550	38750	37150	38000	228905	2020-12-04 12:44:01.937
72181	187870	37550	38750	37150	38000	228928	2020-12-04 12:44:27.677
72449	187870	37550	38750	37150	38000	228928	2020-12-04 12:44:52.320
72713	187870	37550	38750	37150	38050	228982	2020-12-04 12:45:17.667
72976	187870	37550	38750	37150	38050	228982	2020-12-04 12:45:43.323
73240	187870	37550	38750	37150	38050	228982	2020-12-04 12:46:08.877
73516	187870	37550	38750	37150	38050	229594	2020-12-04 12:46:34.617
73782	187870	37550	38750	37150	38050	229594	2020-12-04 12:46:59.623
74063	187870	37550	38750	37150	38050	229644	2020-12-04 12:47:26.677
74315	187870	37550	38750	37150	38050	229644	2020-12-04 12:47:51.423
74588	187870	37550	38750	37150	38050	229753	2020-12-04 12:48:17.337
74854	187870	37550	38750	37150	38050	229753	2020-12-04 12:48:43.213
75119	187870	37550	38750	37150	38000	229926	2020-12-04 12:49:08.797
75385	187870	37550	38750	37150	38000	229926	2020-12-04 12:49:33.393
75649	187870	37550	38750	37150	38000	229926	2020-12-04 12:50:00.020
75912	187870	37550	38750	37150	38100	231394	2020-12-04 12:50:24.977
76184	187870	37550	38750	37150	38100	231394	2020-12-04 12:50:49.890
76447	187870	37550	38750	37150	38150	231441	2020-12-04 12:51:16.120
76717	187870	37550	38750	37150	38150	231441	2020-12-04 12:51:42.137
76987	187870	37550	38750	37150	38100	231985	2020-12-04 12:52:07.450
77248	187870	37550	38750	37150	38100	231985	2020-12-04 12:52:33.100
77522	187870	37550	38750	37150	38100	231985	2020-12-04 12:52:57.910
77789	187870	37550	38750	37150	38150	232108	2020-12-04 12:53:24.390
78054	187870	37550	38750	37150	38150	232108	2020-12-04 12:53:49.110
78332	187870	37550	38750	37150	38100	232170	2020-12-04 12:54:15.043
78588	187870	37550	38750	37150	38100	232170	2020-12-04 12:54:40.317
78848	187870	37550	38750	37150	38100	232170	2020-12-04 12:55:05.290
79120	187870	37550	38750	37150	38150	233149	2020-12-04 12:55:31.060
79387	187870	37550	38750	37150	38150	233149	2020-12-04 12:55:56.553
79652	187870	37550	38750	37150	38200	234222	2020-12-04 12:56:22.333
79921	187870	37550	38750	37150	38200	234222	2020-12-04 12:56:49.280
80189	187870	37550	38750	37150	38250	236388	2020-12-04 12:57:14.003
80455	187870	37550	38750	37150	38250	236388	2020-12-04 12:57:38.563
80725	187870	37550	38750	37150	38250	236388	2020-12-04 12:58:04.243
80996	187870	37550	38750	37150	38150	236914	2020-12-04 12:58:30.360
81262	187870	37550	38750	37150	38150	236914	2020-12-04 12:58:56.047
81522	187870	37550	38750	37150	38200	236921	2020-12-04 12:59:21.253
81790	187870	37550	38750	37150	38200	236921	2020-12-04 12:59:46.633
82057	187870	37550	38750	37150	38150	236995	2020-12-04 13:00:11.743
82329	187870	37550	38750	37150	38150	236995	2020-12-04 13:00:37.873
82593	187870	37550	38750	37150	38150	236995	2020-12-04 13:01:03.303
82853	187870	37550	38750	37150	38250	237048	2020-12-04 13:01:29.623
83135	187870	37550	38750	37150	38250	237048	2020-12-04 13:01:55.497
83399	187870	37550	38750	37150	38300	237253	2020-12-04 13:02:21.110
83661	187870	37550	38750	37150	38300	237253	2020-12-04 13:02:46.813
83925	187870	37550	38750	37150	38350	237346	2020-12-04 13:03:12.843
84207	187870	37550	38750	37150	38350	237346	2020-12-04 13:03:39.587
84457	187870	37550	38750	37150	38250	237537	2020-12-04 13:04:04.587
84731	187870	37550	38750	37150	38250	237537	2020-12-04 13:04:33.900
84998	187870	37550	38750	37150	38250	237537	2020-12-04 13:04:59.333
85266	187870	37550	38750	37150	38250	237542	2020-12-04 13:05:25.427
85529	187870	37550	38750	37150	38250	237542	2020-12-04 13:05:50.977
85800	187870	37550	38750	37150	38300	237662	2020-12-04 13:06:16.270
86056	187870	37550	38750	37150	38300	237662	2020-12-04 13:06:42.367
86328	187870	37550	38750	37150	38200	238985	2020-12-04 13:07:09.113
86601	187870	37550	38750	37150	38200	238985	2020-12-04 13:07:36.117
86870	187870	37550	38750	37150	38200	238985	2020-12-04 13:08:02.597
87130	187870	37550	38750	37150	38250	239057	2020-12-04 13:08:28.907
87401	187870	37550	38750	37150	38250	239057	2020-12-04 13:08:54.390
87663	187870	37550	38750	37150	38250	239057	2020-12-04 13:09:19.893
87938	187870	37550	38750	37150	38250	239057	2020-12-04 13:09:44.997
88201	187870	37550	38750	37150	38200	239158	2020-12-04 13:10:10.557
88461	187870	37550	38750	37150	38200	239158	2020-12-04 13:10:35.997
88735	187870	37550	38750	37150	38200	239158	2020-12-04 13:11:01.577
89007	187870	37550	38750	37150	38250	239275	2020-12-04 13:11:27.950
89269	187870	37550	38750	37150	38250	239275	2020-12-04 13:11:52.483
89534	187870	37550	38750	37150	38250	239529	2020-12-04 13:12:17.347
89800	187870	37550	38750	37150	38250	239529	2020-12-04 13:12:42.040
90080	187870	37550	38750	37150	38250	239696	2020-12-04 13:13:09.007
90332	187870	37550	38750	37150	38250	239696	2020-12-04 13:13:35.307
90607	187870	37550	38750	37150	38250	239696	2020-12-04 13:14:04.010
90873	187870	37550	38750	37150	38250	239759	2020-12-04 13:14:33.443
91123	187870	37550	38750	37150	38250	239759	2020-12-04 13:15:02.157
91408	187870	37550	38750	37150	38300	239902	2020-12-04 13:15:32.053
91677	187870	37550	38750	37150	38300	239902	2020-12-04 13:16:00.090
91942	187870	37550	38750	37150	38200	240477	2020-12-04 13:16:29.180
92203	187870	37550	38750	37150	38200	240477	2020-12-04 13:16:57.537
92474	187870	37550	38750	37150	38150	240730	2020-12-04 13:17:26.377
92737	187870	37550	38750	37150	38150	240730	2020-12-04 13:17:55.237
93008	187870	37550	38750	37150	38200	240736	2020-12-04 13:18:23.757
93279	187870	37550	38750	37150	38200	240736	2020-12-04 13:18:51.560
93548	187870	37550	38750	37150	38150	241142	2020-12-04 13:19:19.383
93807	187870	37550	38750	37150	38150	241142	2020-12-04 13:19:46.540
94081	187870	37550	38750	37150	38150	241142	2020-12-04 13:20:14.400
94337	187870	37550	38750	37150	38150	241203	2020-12-04 13:20:42.063
94607	187870	37550	38750	37150	38150	241203	2020-12-04 13:21:09.263
94875	187870	37550	38750	37150	38150	241229	2020-12-04 13:21:37.203
95142	187870	37550	38750	37150	38150	241229	2020-12-04 13:22:04.390
95411	187870	37550	38750	37150	38200	241349	2020-12-04 13:22:32.367
95677	187870	37550	38750	37150	38200	241349	2020-12-04 13:22:59.860
95945	187870	37550	38750	37150	38250	241458	2020-12-04 13:23:29.143
96207	187870	37550	38750	37150	38250	241458	2020-12-04 13:23:55.300
96481	187870	37550	38750	37150	38250	241458	2020-12-04 13:24:22.817
96739	187870	37550	38750	37150	38200	241467	2020-12-04 13:24:53.143
97009	187870	37550	38750	37150	38200	242278	2020-12-04 13:25:20.320
97279	187870	37550	38750	37150	38200	242278	2020-12-04 13:25:48.267
97547	187870	37550	38750	37150	38200	242456	2020-12-04 13:26:17.047
97814	187870	37550	38750	37150	38200	242456	2020-12-04 13:26:45.040
98077	187870	37550	38750	37150	38200	242456	2020-12-04 13:27:12.583
98348	187870	37550	38750	37150	38250	243127	2020-12-04 13:27:42.060
98606	187870	37550	38750	37150	38250	243127	2020-12-04 13:28:11.187
98882	187870	37550	38750	37150	38150	243169	2020-12-04 13:28:40.967
99155	187870	37550	38750	37150	38150	243169	2020-12-04 13:29:09.497
99422	187870	37550	38750	37150	38250	243242	2020-12-04 13:29:37.340
99685	187870	37550	38750	37150	38250	243242	2020-12-04 13:30:06.547
99950	187870	37550	38750	37150	38200	243345	2020-12-04 13:30:34.527
100212	187870	37550	38750	37150	38200	243345	2020-12-04 13:31:03.773
100480	187870	37550	38750	37150	38200	243404	2020-12-04 13:31:32.243
100742	187870	37550	38750	37150	38200	243404	2020-12-04 13:32:02.233
101022	187870	37550	38750	37150	38150	243923	2020-12-04 13:32:34.423
101281	187870	37550	38750	37150	38150	243923	2020-12-04 13:33:07.817
101547	187870	37550	38750	37150	38250	243935	2020-12-04 13:33:40.750
101818	187870	37550	38750	37150	38250	243935	2020-12-04 13:34:10.663
102082	187870	37550	38750	37150	38150	245230	2020-12-04 13:34:42.123
102351	187870	37550	38750	37150	38150	245230	2020-12-04 13:35:13.490
102614	187870	37550	38750	37150	38200	245258	2020-12-04 13:35:44.587
102887	187870	37550	38750	37150	38200	245258	2020-12-04 13:36:16.497
103157	187870	37550	38750	37150	38150	245723	2020-12-04 13:36:49.350
103421	187870	37550	38750	37150	38150	245723	2020-12-04 13:37:20.037
103683	187870	37550	38750	37150	38150	245818	2020-12-04 13:37:50.450
103950	187870	37550	38750	37150	38150	245818	2020-12-04 13:38:21.370
104223	187870	37550	38750	37150	38100	246730	2020-12-04 13:38:51.240
104481	187870	37550	38750	37150	38100	246730	2020-12-04 13:39:18.527
104754	187870	37550	38750	37150	38100	246741	2020-12-04 13:39:49.660
105018	187870	37550	38750	37150	38100	246741	2020-12-04 13:40:22.010
105290	187870	37550	38750	37150	38100	247327	2020-12-04 13:40:50.417
105556	187870	37550	38750	37150	38100	247327	2020-12-04 13:41:21.450
105826	187870	37550	38750	37150	38100	252969	2020-12-04 13:41:51.663
106079	187870	37550	38750	37150	38100	252969	2020-12-04 13:42:21.797
106355	187870	37550	38750	37150	38250	252976	2020-12-04 13:42:52.317
106613	187870	37550	38750	37150	38250	252976	2020-12-04 13:43:21.033
106891	187870	37550	38750	37150	38350	255232	2020-12-04 13:43:50.000
107164	187870	37550	38750	37150	38350	255232	2020-12-04 13:44:19.893
107421	187870	37550	38750	37150	38400	256019	2020-12-04 13:44:54.147
107693	187870	37550	38750	37150	38400	256019	2020-12-04 13:45:24.277
107959	187870	37550	38750	37150	38350	256483	2020-12-04 13:45:52.923
108219	187870	37550	38750	37150	38350	256483	2020-12-04 13:46:22.383
108493	187870	37550	38750	37150	38350	256556	2020-12-04 13:46:51.163
108757	187870	37550	38750	37150	38250	256916	2020-12-04 13:47:22.310
109022	187870	37550	38750	37150	38250	256916	2020-12-04 13:47:52.317
109299	187870	37550	38750	37150	38250	256916	2020-12-04 13:48:22.413
109563	187870	37550	38750	37150	38350	257274	2020-12-04 13:48:53.130
109832	187870	37550	38750	37150	38350	257349	2020-12-04 13:49:22.507
110102	187870	37550	38750	37150	38350	257349	2020-12-04 13:49:51.697
110366	187870	37550	38750	37150	38350	258449	2020-12-04 13:50:20.133
110630	187870	37550	38750	37150	38350	258449	2020-12-04 13:50:50.027
110892	187870	37550	38750	37150	38350	258449	2020-12-04 13:51:21.383
111169	187870	37550	38750	37150	38400	258673	2020-12-04 13:51:51.983
111429	187870	37550	38750	37150	38400	258673	2020-12-04 13:52:22.003
111699	187870	37550	38750	37150	38400	258734	2020-12-04 13:52:52.177
111956	187870	37550	38750	37150	38400	258734	2020-12-04 13:53:21.990
112235	187870	37550	38750	37150	38350	258834	2020-12-04 13:53:51.930
112499	187870	37550	38750	37150	38350	258834	2020-12-04 13:54:19.710
112764	187870	37550	38750	37150	38400	258893	2020-12-04 13:54:49.580
113037	187870	37550	38750	37150	38400	258893	2020-12-04 13:55:18.710
113287	187870	37550	38750	37150	38350	259056	2020-12-04 13:55:44.703
113568	187870	37550	38750	37150	38350	259056	2020-12-04 13:56:12.733
113840	187870	37550	38750	37150	38400	259735	2020-12-04 13:56:40.387
114101	187870	37550	38750	37150	38400	259735	2020-12-04 13:57:07.450
114366	187870	37550	38750	37150	38650	265882	2020-12-04 13:57:35.163
114634	187870	37550	38750	37150	38650	265882	2020-12-04 13:58:02.320
114907	187870	37550	38750	37150	38650	265882	2020-12-04 13:58:30.517
115151	187870	37550	38750	37150	38650	267472	2020-12-04 13:58:56.517
115428	187870	37550	38750	37150	38650	267472	2020-12-04 13:59:25.147
115696	187870	37550	38750	37150	38550	268853	2020-12-04 13:59:52.290
115971	187870	37550	38750	37150	38550	268853	2020-12-04 14:00:20.393
116234	187870	37550	38750	37150	38650	269645	2020-12-04 14:00:48.360
116501	187870	37550	38750	37150	38650	269645	2020-12-04 14:01:15.713
116774	187870	37550	38750	37150	38750	272018	2020-12-04 14:01:43.430
117036	187870	37550	38750	37150	38750	272018	2020-12-04 14:02:11.187
117311	187870	37550	38850	37150	38850	275308	2020-12-04 14:02:39.730
117580	187870	37550	38850	37150	38850	275308	2020-12-04 14:03:08.380
117839	187870	37550	38850	37150	38850	275308	2020-12-04 14:03:37.557
118103	187870	37550	38950	37150	38950	277987	2020-12-04 14:04:05.760
118368	187870	37550	38950	37150	38950	277987	2020-12-04 14:04:34.013
118631	187870	37550	38950	37150	38750	282879	2020-12-04 14:05:04.983
118902	187870	37550	38950	37150	38750	282879	2020-12-04 14:05:32.493
119173	187870	37550	38950	37150	38900	284909	2020-12-04 14:05:59.707
119439	187870	37550	38950	37150	38900	284909	2020-12-04 14:06:27.917
119705	187870	37550	38950	37150	38900	285630	2020-12-04 14:06:55.817
119962	187870	37550	38950	37150	38900	285630	2020-12-04 14:07:23.557
120234	187870	37550	38950	37150	38900	286290	2020-12-04 14:07:51.643
120514	187870	37550	38950	37150	38900	286290	2020-12-04 14:08:19.800
120773	187870	37550	38950	37150	38900	286290	2020-12-04 14:08:46.610
121034	187870	37550	39250	37150	39250	294090	2020-12-04 14:09:14.090
121302	187870	37550	39250	37150	39250	294090	2020-12-04 14:09:41.847
121568	187870	37550	39350	37150	38900	297021	2020-12-04 14:10:09.520
121843	187870	37550	39350	37150	38900	297021	2020-12-04 14:10:37.437
122112	187870	37550	39350	37150	39050	298994	2020-12-04 14:11:04.987
122376	187870	37550	39350	37150	39050	298994	2020-12-04 14:11:32.377
122643	187870	37550	39350	37150	39000	299737	2020-12-04 14:11:58.823
122906	187870	37550	39350	37150	39000	299737	2020-12-04 14:12:26.977
123171	187870	37550	39350	37150	39100	305937	2020-12-04 14:12:53.787
123437	187870	37550	39350	37150	39100	305937	2020-12-04 14:13:22.363
123705	187870	37550	39350	37150	39100	312909	2020-12-04 14:13:50.013
123981	187870	37550	39350	37150	39100	312909	2020-12-04 14:14:18.607
124241	187870	37550	39350	37150	39000	313301	2020-12-04 14:14:46.037
124517	187870	37550	39350	37150	39000	313301	2020-12-04 14:15:14.367
124780	187870	37550	39350	37150	39000	313301	2020-12-04 14:15:41.967
125031	187870	37550	39350	37150	39050	313879	2020-12-04 14:16:08.727
125312	187870	37550	39350	37150	39050	313879	2020-12-04 14:16:35.813
125584	187870	37550	39350	37150	39000	314031	2020-12-04 14:17:03.100
125847	187870	37550	39350	37150	39000	314031	2020-12-04 14:17:30.560
126122	187870	37550	39350	37150	39000	314627	2020-12-04 14:17:57.523
126388	187870	37550	39350	37150	39000	314627	2020-12-04 14:18:25.453
126641	187870	37550	39350	37150	39100	315091	2020-12-04 14:18:52.847
126915	187870	37550	39350	37150	39100	315091	2020-12-04 14:19:20.953
127179	187870	37550	39350	37150	39050	315308	2020-12-04 14:19:48.180
127458	187870	37550	39350	37150	39050	315308	2020-12-04 14:20:16.680
127718	187870	37550	39350	37150	39000	315893	2020-12-04 14:20:44.250
127970	187870	37550	39350	37150	39000	315893	2020-12-04 14:21:12.540
128246	187870	37550	39350	37150	38900	316695	2020-12-04 14:21:40.840
128527	187870	37550	39350	37150	38900	316695	2020-12-04 14:22:15.303
128783	187870	37550	39350	37150	38850	317114	2020-12-04 14:22:43.473
129046	187870	37550	39350	37150	38850	317114	2020-12-04 14:23:13.437
129327	187870	37550	39350	37150	38900	318201	2020-12-04 14:23:42.663
129584	187870	37550	39350	37150	38900	318201	2020-12-04 14:24:14.970
129853	187870	37550	39350	37150	38900	318788	2020-12-04 14:24:43.500
130120	187870	37550	39350	37150	38900	318788	2020-12-04 14:25:14.013
130391	187870	37550	39350	37150	39000	319784	2020-12-04 14:25:41.050
130646	187870	37550	39350	37150	39000	319784	2020-12-04 14:26:09.953
130914	187870	37550	39350	37150	39150	320614	2020-12-04 14:26:40.450
131184	187870	37550	39350	37150	39150	320614	2020-12-04 14:27:10.870
131451	187870	37550	39350	37150	39150	320921	2020-12-04 14:27:40.473
131724	187870	37550	39350	37150	39150	320921	2020-12-04 14:28:11.363
131994	187870	37550	39350	37150	39200	322822	2020-12-04 14:28:40.680
132251	187870	37550	39350	37150	39200	322822	2020-12-04 14:29:12.593
132527	187870	37550	39350	37150	39200	322822	2020-12-04 14:29:41.147
132784	187870	37550	39350	37150	39200	323467	2020-12-04 14:30:09.840
133064	187870	37550	39350	37150	39200	323467	2020-12-04 14:30:40.630
133335	187870	37550	39350	37150	39150	324327	2020-12-04 14:31:09.527
133579	187870	37550	39350	37150	39150	324327	2020-12-04 14:31:38.100
133859	187870	37550	39350	37150	39200	324541	2020-12-04 14:32:08.287
134122	187870	37550	39350	37150	39200	324541	2020-12-04 14:32:36.670
134376	187870	37550	39350	37150	39150	325904	2020-12-04 14:33:05.770
134661	187870	37550	39350	37150	39150	325904	2020-12-04 14:33:38.060
134915	187870	37550	39400	37150	39400	329403	2020-12-04 14:34:06.393
135190	187870	37550	39400	37150	39400	329403	2020-12-04 14:34:34.593
135455	187870	37550	39450	37150	39350	330213	2020-12-04 14:35:01.960
135731	187870	37550	39450	37150	39350	330213	2020-12-04 14:35:31.020
135975	187870	37550	39450	37150	39300	330562	2020-12-04 14:35:58.430
136252	187870	37550	39450	37150	39300	330562	2020-12-04 14:36:27.997
136516	187870	37550	39450	37150	39350	331460	2020-12-04 14:36:58.133
136791	187870	37550	39450	37150	39350	331460	2020-12-04 14:37:26.593
137059	187870	37550	39450	37150	39400	333245	2020-12-04 14:37:54.233
137337	187870	37550	39450	37150	39400	333245	2020-12-04 14:38:22.773
137595	187870	37550	39450	37150	39400	333245	2020-12-04 14:38:51.337
137866	187870	37550	39450	37150	39350	333556	2020-12-04 14:39:19.633
138130	187870	37550	39450	37150	39350	333556	2020-12-04 14:39:48.343
138396	187870	37550	39450	37150	39150	334239	2020-12-04 14:40:18.170
138664	187870	37550	39450	37150	39150	334239	2020-12-04 14:40:47.770
138931	187870	37550	39450	37150	39100	335064	2020-12-04 14:41:16.480
139208	187870	37550	39450	37150	39100	335064	2020-12-04 14:41:45.380
139452	187870	37550	39450	37150	39150	335436	2020-12-04 14:42:14.010
139724	187870	37550	39450	37150	39150	335436	2020-12-04 14:42:43.580
139997	187870	37550	39450	37150	39200	336199	2020-12-04 14:43:13.653
140248	187870	37550	39450	37150	39200	336199	2020-12-04 14:43:43.707
140526	187870	37550	39450	37150	39250	337278	2020-12-04 14:44:14.273
140798	187870	37550	39450	37150	39250	337278	2020-12-04 14:44:46.753
141077	187870	37550	39450	37150	39300	338304	2020-12-04 14:45:17.873
141342	187870	37550	39450	37150	39300	338304	2020-12-04 14:45:46.167
141608	187870	37550	39450	37150	39300	338304	2020-12-04 14:46:17.440
141875	187870	37550	39450	37150	39200	339041	2020-12-04 14:46:49.223
142131	187870	37550	39450	37150	39200	339041	2020-12-04 14:47:18.647
142405	187870	37550	39450	37150	39300	340193	2020-12-04 14:47:50.367
142669	187870	37550	39450	37150	39300	341046	2020-12-04 14:48:19.487
142936	187870	37550	39450	37150	39300	341046	2020-12-04 14:48:51.087
143202	187870	37550	39450	37150	39300	341046	2020-12-04 14:49:18.797
143471	187870	37550	39450	37150	39400	342595	2020-12-04 14:49:51.160
143734	187870	37550	41300	37150	41300	384213	2020-12-04 14:50:19.137
143997	187870	37550	41300	37150	41300	384213	2020-12-04 14:50:51.357
144271	187870	37550	41300	37150	41300	384213	2020-12-04 14:51:20.593
144540	187870	37550	41300	37150	41300	384213	2020-12-04 14:51:52.020
144796	187870	37550	41300	37150	41300	384213	2020-12-04 14:52:18.797
145063	187870	37550	41300	37150	41300	384213	2020-12-04 14:52:46.800
145330	187870	37550	42700	37150	41750	463304	2020-12-04 14:53:16.027
145616	187870	37550	42700	37150	41750	463304	2020-12-04 14:53:44.657
145869	187870	37550	42700	37150	41850	495065	2020-12-04 14:54:13.903
146144	187870	37550	42700	37150	41850	495065	2020-12-04 14:54:43.303
146392	187870	37550	42700	37150	41850	495065	2020-12-04 14:55:14.653
146680	187870	37550	42700	37150	41000	537562	2020-12-04 14:55:44.477
146938	187870	37550	42700	37150	41000	556107	2020-12-04 14:56:11.747
147206	187870	37550	42700	37150	41000	556107	2020-12-04 14:56:40.927
147472	187870	37550	42700	37150	41000	556107	2020-12-04 14:57:09.873
147746	187870	37550	42700	37150	41050	564690	2020-12-04 14:57:38.243
148011	187870	37550	42700	37150	41050	564690	2020-12-04 14:58:06.550
148268	187870	37550	42700	37150	40850	576826	2020-12-04 14:58:33.750
148538	187870	37550	42700	37150	40850	576826	2020-12-04 14:59:02.477
148805	187870	37550	42700	37150	40900	587529	2020-12-04 14:59:29.877
149067	187870	37550	42700	37150	40900	587529	2020-12-04 14:59:57.800
149338	187870	37550	42700	37150	40900	592991	2020-12-04 15:00:26.793
149613	187870	37550	42700	37150	40900	592991	2020-12-04 15:00:57.377
149875	187870	37550	42700	37150	40900	592991	2020-12-04 15:01:25.207
150148	187870	37550	42700	37150	41000	614220	2020-12-04 15:01:53.833
150411	187870	37550	42700	37150	41000	614220	2020-12-04 15:02:22.773
150671	187870	37550	42700	37150	40950	621990	2020-12-04 15:02:50.923
150951	187870	37550	42700	37150	40950	621990	2020-12-04 15:03:21.493
151216	187870	37550	42700	37150	40750	634223	2020-12-04 15:03:49.667
151479	187870	37550	42700	37150	40750	634223	2020-12-04 15:04:17.773
151737	187870	37550	42700	37150	40650	642783	2020-12-04 15:04:45.467
152011	187870	37550	42700	37150	40650	642783	2020-12-04 15:05:13.923
152273	187870	37550	42700	37150	40600	649762	2020-12-04 15:05:43.833
152544	187870	37550	42700	37150	40600	649762	2020-12-04 15:06:13.393
152815	187870	37550	42700	37150	40600	649762	2020-12-04 15:06:42.807
153074	187870	37550	42700	37150	40600	654395	2020-12-04 15:07:12.100
153352	187870	37550	42700	37150	40600	654395	2020-12-04 15:07:41.037
153613	187870	37550	42700	37150	40150	666182	2020-12-04 15:08:08.807
153885	187870	37550	42700	37150	40150	666182	2020-12-04 15:08:37.523
154150	187870	37550	42700	37150	40000	678367	2020-12-04 15:09:05.427
154414	187870	37550	42700	37150	40000	678367	2020-12-04 15:09:33.833
154687	187870	37550	42700	37150	39950	685979	2020-12-04 15:10:02.807
154962	187870	37550	42700	37150	39950	685979	2020-12-04 15:10:32.917
155211	187870	37550	42700	37150	39950	688116	2020-12-04 15:11:00.927
155482	187870	37550	42700	37150	39950	688116	2020-12-04 15:11:31.053
155757	187870	37550	42700	37150	39750	699904	2020-12-04 15:12:00.890
156024	187870	37550	42700	37150	39750	699904	2020-12-04 15:12:29.853
156288	187870	37550	42700	37150	39750	699904	2020-12-04 15:12:58.267
156546	187870	37550	42700	37150	39900	706074	2020-12-04 15:13:27.387
156824	187870	37550	42700	37150	39900	706074	2020-12-04 15:13:56.890
157091	187870	37550	42700	37150	40000	711656	2020-12-04 15:14:25.190
157360	187870	37550	42700	37150	40000	711656	2020-12-04 15:14:53.283
157618	187870	37550	42700	37150	40100	722102	2020-12-04 15:15:21.263
157884	187870	37550	42700	37150	40100	722102	2020-12-04 15:15:49.140
158138	187870	37550	42700	37150	40100	722102	2020-12-04 15:16:17.693
158417	187870	37550	42700	37150	40100	727098	2020-12-04 15:16:46.290
158693	187870	37550	42700	37150	40100	727098	2020-12-04 15:17:14.793
158954	187870	37550	42700	37150	40000	732116	2020-12-04 15:17:43.330
159232	187870	37550	42700	37150	40000	732116	2020-12-04 15:18:12.667
159483	187870	37550	42700	37150	40000	736253	2020-12-04 15:18:41.173
159763	187870	37550	42700	37150	40000	736253	2020-12-04 15:19:11.323
160021	187870	37550	42700	37150	39950	738396	2020-12-04 15:19:39.833
160296	187870	37550	42700	37150	39950	738396	2020-12-04 15:20:09.193
160539	187870	37550	42700	37150	40000	740127	2020-12-04 15:20:37.667
160831	187870	37550	42700	37150	40000	740127	2020-12-04 15:21:07.767
161089	187870	37550	42700	37150	40000	740127	2020-12-04 15:21:35.847
161366	187870	37550	42700	37150	40000	740127	2020-12-04 15:22:05.230
161632	187870	37550	42700	37150	40000	740127	2020-12-04 15:22:35.140
161888	187870	37550	42700	37150	40000	740127	2020-12-04 15:23:04.430
162160	187870	37550	42700	37150	40000	740127	2020-12-04 15:23:35.090
162432	187870	37550	42700	37150	40000	740127	2020-12-04 15:24:04.593
162692	187870	37550	42700	37150	40000	740127	2020-12-04 15:24:32.110
162974	187870	37550	42700	37150	40000	740127	2020-12-04 15:25:00.380
163224	187870	37550	42700	37150	40000	740127	2020-12-04 15:25:27.757
163491	187870	37550	42700	37150	40000	740127	2020-12-04 15:25:56.000
163760	187870	37550	42700	37150	40000	740127	2020-12-04 15:26:25.870
164026	187870	37550	42700	37150	40000	740127	2020-12-04 15:26:53.523
164290	187870	37550	42700	37150	40000	740127	2020-12-04 15:27:21.713
164569	187870	37550	42700	37150	40000	740127	2020-12-04 15:27:52.443
164823	187870	37550	42700	37150	40000	740127	2020-12-04 15:28:21.890
165110	187870	37550	42700	37150	40000	740127	2020-12-04 15:28:58.253
156	250000	12050	12650	11900	12100	189927	2020-12-04 10:45:07.780
425	250000	12050	12650	11900	12200	190030	2020-12-04 10:45:36.407
693	250000	12050	12650	11900	12200	190030	2020-12-04 10:46:02.207
959	250000	12050	12650	11900	12200	190030	2020-12-04 10:46:29.970
1233	250000	12050	12650	11900	12200	190030	2020-12-04 10:46:56.693
1491	250000	12050	12650	11900	12200	190030	2020-12-04 10:47:23.657
1768	250000	12050	12650	11900	12200	190030	2020-12-04 10:47:51.437
2030	250000	12050	12650	11900	12150	190040	2020-12-04 10:48:19.273
2297	250000	12050	12650	11900	12150	190040	2020-12-04 10:48:46.567
2558	250000	12050	12650	11900	12150	190041	2020-12-04 10:50:00.523
2834	250000	12050	12650	11900	12050	190317	2020-12-04 10:50:43.790
3098	250000	12050	12650	11900	12050	190341	2020-12-04 10:51:12.753
3368	250000	12050	12650	11900	12050	190341	2020-12-04 10:51:42.073
3621	250000	12050	12650	11900	12050	190508	2020-12-04 10:52:09.667
3897	250000	12050	12650	11900	12050	190508	2020-12-04 10:52:37.513
4169	250000	12050	12650	11900	12050	190508	2020-12-04 10:53:04.933
4424	250000	12050	12650	11900	12100	190626	2020-12-04 10:53:32.737
4703	250000	12050	12650	11900	12100	190626	2020-12-04 10:54:01.823
4976	250000	12050	12650	11900	12050	190633	2020-12-04 10:54:32.813
5224	250000	12050	12650	11900	12050	190633	2020-12-04 10:55:00.937
5497	250000	12050	12650	11900	12050	190633	2020-12-04 10:55:28.693
5743	250000	12050	12650	11900	12050	190633	2020-12-04 10:55:54.693
6031	250000	12050	12650	11900	12100	191039	2020-12-04 10:56:23.693
6287	250000	12050	12650	11900	12100	191039	2020-12-04 10:56:50.430
6568	250000	12050	12650	11900	12050	191754	2020-12-04 10:57:17.967
6848	250000	12050	12650	11900	12050	191754	2020-12-04 10:57:45.307
7096	250000	12050	12650	11900	12100	192028	2020-12-04 10:58:11.553
7362	250000	12050	12650	11900	12100	192028	2020-12-04 10:58:39.057
7627	250000	12050	12650	11900	12100	192028	2020-12-04 10:59:05.727
7905	250000	12050	12650	11900	12050	192228	2020-12-04 10:59:32.917
8169	250000	12050	12650	11900	12050	192228	2020-12-04 10:59:59.240
8448	250000	12050	12650	11900	12100	192258	2020-12-04 11:00:27.823
8705	250000	12050	12650	11900	12100	192258	2020-12-04 11:00:54.380
8977	250000	12050	12650	11900	12100	192258	2020-12-04 11:01:22.777
9238	250000	12050	12650	11900	12100	192258	2020-12-04 11:01:50.527
9509	250000	12050	12650	11900	12050	192406	2020-12-04 11:02:17.730
9769	250000	12050	12650	11900	12050	192406	2020-12-04 11:02:44.587
10026	250000	12050	12650	11900	12100	192815	2020-12-04 11:03:12.390
10302	250000	12050	12650	11900	12100	192815	2020-12-04 11:03:40.623
10583	250000	12050	12650	11900	12100	192815	2020-12-04 11:04:07.993
10840	250000	12050	12650	11900	12100	193126	2020-12-04 11:04:34.947
11114	250000	12050	12650	11900	12100	193126	2020-12-04 11:05:01.870
11375	250000	12050	12650	11900	12100	193327	2020-12-04 11:05:28.460
11665	250000	12050	12650	11900	12100	193327	2020-12-04 11:05:56.907
11878	250000	12050	12650	11900	12000	193376	2020-12-04 11:06:22.587
12182	250000	12050	12650	11900	12000	193376	2020-12-04 11:06:52.483
12455	250000	12050	12650	11900	12000	195376	2020-12-04 11:07:19.927
12714	250000	12050	12650	11900	12000	195376	2020-12-04 11:07:45.880
12991	250000	12050	12650	11900	12000	195856	2020-12-04 11:08:14.120
13251	250000	12050	12650	11900	12000	195856	2020-12-04 11:08:41.790
13508	250000	12050	12650	11900	12000	195856	2020-12-04 11:09:08.167
13785	250000	12050	12650	11900	11950	196002	2020-12-04 11:09:34.413
14040	250000	12050	12650	11900	11950	196002	2020-12-04 11:10:01.140
14318	250000	12050	12650	11900	11900	197417	2020-12-04 11:10:29.200
14584	250000	12050	12650	11900	11900	197417	2020-12-04 11:10:56.950
14831	250000	12050	12650	11900	11900	198183	2020-12-04 11:11:22.787
15125	250000	12050	12650	11900	11900	198183	2020-12-04 11:11:51.317
15367	250000	12050	12650	11900	11950	198285	2020-12-04 11:12:17.680
15651	250000	12050	12650	11900	11950	198285	2020-12-04 11:12:45.290
15919	250000	12050	12650	11900	11950	198285	2020-12-04 11:13:11.983
16189	250000	12050	12650	11900	12050	198598	2020-12-04 11:13:40.157
16450	250000	12050	12650	11900	12050	198598	2020-12-04 11:14:08.473
16714	250000	12050	12650	11900	11950	198941	2020-12-04 11:14:35.370
16978	250000	12050	12650	11900	11950	198941	2020-12-04 11:15:02.187
17239	250000	12050	12650	11900	11950	199512	2020-12-04 11:15:30.977
17524	250000	12050	12650	11900	11950	199512	2020-12-04 11:15:58.657
17783	250000	12050	12650	11900	11900	199841	2020-12-04 11:16:25.947
18037	250000	12050	12650	11900	11900	199841	2020-12-04 11:16:52.907
18330	250000	12050	12650	11900	11900	199844	2020-12-04 11:17:20.907
18575	250000	12050	12650	11900	11900	199844	2020-12-04 11:17:47.060
18857	250000	12050	12650	11900	11950	200450	2020-12-04 11:18:16.133
19116	250000	12050	12650	11900	11950	200450	2020-12-04 11:18:42.877
19388	250000	12050	12650	11900	11950	200756	2020-12-04 11:19:11.150
19647	250000	12050	12650	11900	11950	200756	2020-12-04 11:19:37.123
19924	250000	12050	12650	11900	11950	200756	2020-12-04 11:20:04.860
20185	250000	12050	12650	11900	11950	201024	2020-12-04 11:20:33.133
20445	250000	12050	12650	11900	11950	201024	2020-12-04 11:21:00.400
20727	250000	12050	12650	11900	11950	201035	2020-12-04 11:21:29.093
20995	250000	12050	12650	11900	11950	201035	2020-12-04 11:21:55.747
21261	250000	12050	12650	11900	12000	201045	2020-12-04 11:22:22.467
21519	250000	12050	12650	11900	12000	201045	2020-12-04 11:22:48.927
21797	250000	12050	12650	11900	12000	201045	2020-12-04 11:23:17.947
22058	250000	12050	12650	11900	12000	201045	2020-12-04 11:23:45.050
22327	250000	12050	12650	11900	12000	201045	2020-12-04 11:24:11.997
22571	250000	12050	12650	11900	12000	201158	2020-12-04 11:24:37.813
22844	250000	12050	12650	11900	12000	201158	2020-12-04 11:25:05.250
23123	250000	12050	12650	11900	12050	201168	2020-12-04 11:25:33.193
23387	250000	12050	12650	11900	12050	201168	2020-12-04 11:25:58.980
23649	250000	12050	12650	11900	12050	201181	2020-12-04 11:26:24.600
23923	250000	12050	12650	11900	12050	201181	2020-12-04 11:26:50.573
24190	250000	12050	12650	11900	12050	201181	2020-12-04 11:27:16.070
24454	250000	12050	12650	11900	12050	201181	2020-12-04 11:27:41.697
24726	250000	12050	12650	11900	12050	201181	2020-12-04 11:28:07.763
24988	250000	12050	12650	11900	12050	201181	2020-12-04 11:28:32.883
25258	250000	12050	12650	11900	12050	201181	2020-12-04 11:28:58.073
25521	250000	12050	12650	11900	12000	201284	2020-12-04 11:29:23.117
25796	250000	12050	12650	11900	12000	201284	2020-12-04 11:29:48.967
26057	250000	12050	12650	11900	12000	201284	2020-12-04 11:30:14.207
26314	250000	12050	12650	11900	12000	201284	2020-12-04 11:30:39.460
26594	250000	12050	12650	11900	12000	201284	2020-12-04 11:31:05.873
26861	250000	12050	12650	11900	12050	201930	2020-12-04 11:31:31.037
27133	250000	12050	12650	11900	12050	201930	2020-12-04 11:31:56.580
27389	250000	12050	12650	11900	12150	203040	2020-12-04 11:32:21.757
27661	250000	12050	12650	11900	12150	203040	2020-12-04 11:32:49.050
27917	250000	12050	12650	11900	12100	203046	2020-12-04 11:33:14.390
28203	250000	12050	12650	11900	12100	203046	2020-12-04 11:33:41.690
28458	250000	12050	12650	11900	12150	203411	2020-12-04 11:34:08.240
28734	250000	12050	12650	11900	12150	203411	2020-12-04 11:34:34.853
28989	250000	12050	12650	11900	12150	203411	2020-12-04 11:35:00.730
29262	250000	12050	12650	11900	12200	204308	2020-12-04 11:35:27.460
29540	250000	12050	12650	11900	12200	204308	2020-12-04 11:35:55.207
29807	250000	12050	12650	11900	12150	205552	2020-12-04 11:36:21.920
30064	250000	12050	12650	11900	12150	205552	2020-12-04 11:36:47.990
30340	250000	12050	12650	11900	12200	205914	2020-12-04 11:37:16.423
30594	250000	12050	12650	11900	12200	205914	2020-12-04 11:37:41.797
30864	250000	12050	12650	11900	12150	206206	2020-12-04 11:38:09.370
31136	250000	12050	12650	11900	12150	206206	2020-12-04 11:38:36.217
31393	250000	12050	12650	11900	12150	206206	2020-12-04 11:39:04.553
31666	250000	12050	12650	11900	12200	206638	2020-12-04 11:39:33.217
31936	250000	12050	12650	11900	12200	206638	2020-12-04 11:39:59.267
32200	250000	12050	12650	11900	12150	206688	2020-12-04 11:40:25.180
32467	250000	12050	12650	11900	12150	206688	2020-12-04 11:40:52.993
32739	250000	12050	12650	11900	12150	206784	2020-12-04 11:41:19.393
33002	250000	12050	12650	11900	12150	206784	2020-12-04 11:41:45.367
33270	250000	12050	12650	11900	12150	208194	2020-12-04 11:42:12.013
33538	250000	12050	12650	11900	12150	208194	2020-12-04 11:42:39.783
33799	250000	12050	12650	11900	12350	212966	2020-12-04 11:43:06.900
34075	250000	12050	12650	11900	12350	212966	2020-12-04 11:43:35.420
34334	250000	12050	12650	11900	12350	212966	2020-12-04 11:44:00.413
34599	250000	12050	12650	11900	12250	214715	2020-12-04 11:44:27.407
34870	250000	12050	12650	11900	12250	214715	2020-12-04 11:44:54.253
35141	250000	12050	12650	11900	12350	214856	2020-12-04 11:45:19.797
35408	250000	12050	12650	11900	12350	214856	2020-12-04 11:45:45.390
35679	250000	12050	12650	11900	12400	215688	2020-12-04 11:46:14.837
35939	250000	12050	12650	11900	12400	215688	2020-12-04 11:46:40.507
36211	250000	12050	12650	11900	12350	215992	2020-12-04 11:47:05.643
36472	250000	12050	12650	11900	12350	215992	2020-12-04 11:47:33.813
36747	250000	12050	12650	11900	12350	215992	2020-12-04 11:47:59.003
37006	250000	12050	12650	11900	12200	218095	2020-12-04 11:48:24.467
37265	250000	12050	12650	11900	12200	218095	2020-12-04 11:48:52.160
37538	250000	12050	12650	11900	12250	220135	2020-12-04 11:49:18.210
37812	250000	12050	12650	11900	12250	220135	2020-12-04 11:49:45.000
38067	250000	12050	12650	11900	12250	220135	2020-12-04 11:50:13.480
38345	250000	12050	12650	11900	12250	220135	2020-12-04 11:50:39.380
38612	250000	12050	12650	11900	12250	220142	2020-12-04 11:51:07.413
38882	250000	12050	12650	11900	12250	220142	2020-12-04 11:51:36.197
39151	250000	12050	12650	11900	12250	220142	2020-12-04 11:52:01.803
39407	250000	12050	12650	11900	12250	220159	2020-12-04 11:52:27.847
39668	250000	12050	12650	11900	12250	220159	2020-12-04 11:52:54.620
39940	250000	12050	12650	11900	12200	220164	2020-12-04 11:53:20.727
40204	250000	12050	12650	11900	12200	220164	2020-12-04 11:53:46.520
40460	250000	12050	12650	11900	12150	220432	2020-12-04 11:54:14.143
40744	250000	12050	12650	11900	12150	220432	2020-12-04 11:54:40.173
41003	250000	12050	12650	11900	12150	220432	2020-12-04 11:55:05.113
41281	250000	12050	12650	11900	12150	221768	2020-12-04 11:55:30.643
41552	250000	12050	12650	11900	12150	221768	2020-12-04 11:55:55.877
41816	250000	12050	12650	11900	12200	221773	2020-12-04 11:56:20.660
42081	250000	12050	12650	11900	12200	221773	2020-12-04 11:56:46.083
42347	250000	12050	12650	11900	12200	222009	2020-12-04 11:57:11.290
42626	250000	12050	12650	11900	12200	222009	2020-12-04 11:57:38.013
42886	250000	12050	12650	11900	12200	222009	2020-12-04 11:58:02.887
43147	250000	12050	12650	11900	12250	222070	2020-12-04 11:58:27.890
43414	250000	12050	12650	11900	12250	222070	2020-12-04 11:58:52.110
43689	250000	12050	12650	11900	12250	222072	2020-12-04 11:59:17.277
43964	250000	12050	12650	11900	12250	222072	2020-12-04 11:59:42.747
44222	250000	12050	12650	11900	12200	222216	2020-12-04 12:00:06.780
44468	250000	12050	12650	11900	12200	222216	2020-12-04 12:00:32.853
44751	250000	12050	12650	11900	12200	222216	2020-12-04 12:00:59.773
45035	250000	12050	12650	11900	12200	222216	2020-12-04 12:01:28.897
45284	250000	12050	12650	11900	12200	222216	2020-12-04 12:01:52.923
45549	250000	12050	12650	11900	12200	222216	2020-12-04 12:02:17.330
45809	250000	12050	12650	11900	12200	222216	2020-12-04 12:02:41.833
46090	250000	12050	12650	11900	12200	222418	2020-12-04 12:03:06.300
46349	250000	12050	12650	11900	12200	222418	2020-12-04 12:03:30.277
46615	250000	12050	12650	11900	12200	222418	2020-12-04 12:03:55.043
46885	250000	12050	12650	11900	12250	222551	2020-12-04 12:04:22.153
47151	250000	12050	12650	11900	12250	222551	2020-12-04 12:04:46.593
47418	250000	12050	12650	11900	12250	222748	2020-12-04 12:05:11.590
47673	250000	12050	12650	11900	12250	222748	2020-12-04 12:05:35.513
47951	250000	12050	12650	11900	12250	222748	2020-12-04 12:06:00.053
48219	250000	12050	12650	11900	12250	222778	2020-12-04 12:06:24.270
48488	250000	12050	12650	11900	12250	222778	2020-12-04 12:06:48.440
48744	250000	12050	12650	11900	12250	222778	2020-12-04 12:07:13.423
49023	250000	12050	12650	11900	12250	222778	2020-12-04 12:07:37.900
49282	250000	12050	12650	11900	12250	222778	2020-12-04 12:08:02.057
49547	250000	12050	12650	11900	12250	222778	2020-12-04 12:08:26.637
49823	250000	12050	12650	11900	12250	222778	2020-12-04 12:08:51.473
50097	250000	12050	12650	11900	12250	222778	2020-12-04 12:09:16.420
50356	250000	12050	12650	11900	12250	222778	2020-12-04 12:09:42.043
50615	250000	12050	12650	11900	12250	222779	2020-12-04 12:10:06.793
50890	250000	12050	12650	11900	12250	222779	2020-12-04 12:10:34.360
51146	250000	12050	12650	11900	12250	222779	2020-12-04 12:10:58.537
51417	250000	12050	12650	11900	12200	222793	2020-12-04 12:11:23.363
51692	250000	12050	12650	11900	12200	222793	2020-12-04 12:11:48.813
51963	250000	12050	12650	11900	12150	223185	2020-12-04 12:12:14.743
52229	250000	12050	12650	11900	12150	223185	2020-12-04 12:12:40.657
52496	250000	12050	12650	11900	12100	223195	2020-12-04 12:13:06.427
52760	250000	12050	12650	11900	12100	223195	2020-12-04 12:13:31.927
53031	250000	12050	12650	11900	12100	223195	2020-12-04 12:13:57.863
53298	250000	12050	12650	11900	12150	223205	2020-12-04 12:14:23.060
53552	250000	12050	12650	11900	12150	223205	2020-12-04 12:14:48.210
53828	250000	12050	12650	11900	12200	223290	2020-12-04 12:15:13.393
54089	250000	12050	12650	11900	12200	223290	2020-12-04 12:15:37.573
54360	250000	12050	12650	11900	12200	223290	2020-12-04 12:16:02.713
54632	250000	12050	12650	11900	12200	223300	2020-12-04 12:16:28.130
54901	250000	12050	12650	11900	12200	223300	2020-12-04 12:16:53.840
55156	250000	12050	12650	11900	12200	223511	2020-12-04 12:17:18.780
55428	250000	12050	12650	11900	12200	223511	2020-12-04 12:17:44.370
55699	250000	12050	12650	11900	12200	223856	2020-12-04 12:18:10.033
55958	250000	12050	12650	11900	12200	223856	2020-12-04 12:18:34.883
56219	250000	12050	12650	11900	12200	223856	2020-12-04 12:19:00.290
56497	250000	12050	12650	11900	12250	223867	2020-12-04 12:19:25.637
56764	250000	12050	12650	11900	12250	223867	2020-12-04 12:19:50.213
57028	250000	12050	12650	11900	12250	223867	2020-12-04 12:20:15.327
57299	250000	12050	12650	11900	12250	223867	2020-12-04 12:20:41.343
57563	250000	12050	12650	11900	12250	223867	2020-12-04 12:21:06.810
57829	250000	12050	12650	11900	12250	223867	2020-12-04 12:21:32.637
58100	250000	12050	12650	11900	12250	223867	2020-12-04 12:21:58.080
58369	250000	12050	12650	11900	12250	224266	2020-12-04 12:22:23.610
58629	250000	12050	12650	11900	12250	224266	2020-12-04 12:22:48.423
58885	250000	12050	12650	11900	12250	224266	2020-12-04 12:23:12.983
59156	250000	12050	12650	11900	12250	224266	2020-12-04 12:23:38.033
59425	250000	12050	12650	11900	12250	224266	2020-12-04 12:24:03.107
59693	250000	12050	12650	11900	12200	224267	2020-12-04 12:24:28.513
59965	250000	12050	12650	11900	12200	224267	2020-12-04 12:24:53.600
60244	250000	12050	12650	11900	12200	224420	2020-12-04 12:25:20.083
60497	250000	12050	12650	11900	12200	224420	2020-12-04 12:25:44.320
60776	250000	12050	12650	11900	12200	224935	2020-12-04 12:26:09.777
61041	250000	12050	12650	11900	12200	224935	2020-12-04 12:26:34.817
61305	250000	12050	12650	11900	12200	224935	2020-12-04 12:26:59.380
61570	250000	12050	12650	11900	12150	227971	2020-12-04 12:27:25.090
61852	250000	12050	12650	11900	12150	227971	2020-12-04 12:27:51.283
62097	250000	12050	12650	11900	12300	229257	2020-12-04 12:28:16.320
62365	250000	12050	12650	11900	12300	229257	2020-12-04 12:28:41.130
62632	250000	12050	12650	11900	12350	229576	2020-12-04 12:29:06.727
62909	250000	12050	12650	11900	12350	229576	2020-12-04 12:29:32.833
63170	250000	12050	12650	11900	12350	229576	2020-12-04 12:29:57.280
63437	250000	12050	12650	11900	12400	230989	2020-12-04 12:30:23.513
63707	250000	12050	12650	11900	12400	230989	2020-12-04 12:30:49.533
63973	250000	12050	12650	11900	12400	231697	2020-12-04 12:31:14.940
64241	250000	12050	12650	11900	12400	231697	2020-12-04 12:31:39.917
64513	250000	12050	12650	11900	12400	231697	2020-12-04 12:32:05.463
64766	250000	12050	12650	11900	12300	232169	2020-12-04 12:32:31.427
65034	250000	12050	12650	11900	12300	232169	2020-12-04 12:32:57.583
65307	250000	12050	12650	11900	12300	232528	2020-12-04 12:33:23.560
65587	250000	12050	12650	11900	12300	232528	2020-12-04 12:33:49.937
65844	250000	12050	12650	11900	12300	232653	2020-12-04 12:34:16.037
66105	250000	12050	12650	11900	12300	232653	2020-12-04 12:34:41.630
66378	250000	12050	12650	11900	12300	232659	2020-12-04 12:35:06.600
66655	250000	12050	12650	11900	12300	232659	2020-12-04 12:35:32.107
66915	250000	12050	12650	11900	12300	232659	2020-12-04 12:35:57.183
67171	250000	12050	12650	11900	12350	232765	2020-12-04 12:36:22.527
67443	250000	12050	12650	11900	12350	232765	2020-12-04 12:36:48.293
67716	250000	12050	12650	11900	12350	232766	2020-12-04 12:37:13.597
67966	250000	12050	12650	11900	12350	232766	2020-12-04 12:37:39.017
68232	250000	12050	12650	11900	12350	232766	2020-12-04 12:38:04.300
68508	250000	12050	12650	11900	12350	233112	2020-12-04 12:38:30.863
68780	250000	12050	12650	11900	12350	233112	2020-12-04 12:38:56.550
69038	250000	12050	12650	11900	12350	234179	2020-12-04 12:39:21.563
69315	250000	12050	12650	11900	12350	234179	2020-12-04 12:39:46.457
69580	250000	12050	12650	11900	12350	234330	2020-12-04 12:40:11.613
69859	250000	12050	12650	11900	12350	234330	2020-12-04 12:40:38.317
70102	250000	12050	12650	11900	12350	234330	2020-12-04 12:41:03.160
70388	250000	12050	12650	11900	12350	234386	2020-12-04 12:41:29.857
70639	250000	12050	12650	11900	12350	234386	2020-12-04 12:41:55.033
70899	250000	12050	12650	11900	12350	234508	2020-12-04 12:42:20.210
71182	250000	12050	12650	11900	12350	234508	2020-12-04 12:42:45.790
71424	250000	12050	12650	11900	12350	234515	2020-12-04 12:43:10.220
71717	250000	12050	12650	11900	12350	234515	2020-12-04 12:43:38.510
71987	250000	12050	12650	11900	12350	234515	2020-12-04 12:44:04.737
72248	250000	12050	12650	11900	12350	235022	2020-12-04 12:44:30.157
72507	250000	12050	12650	11900	12350	235022	2020-12-04 12:44:54.467
72776	250000	12050	12650	11900	12350	235022	2020-12-04 12:45:20.337
73043	250000	12050	12650	11900	12350	235022	2020-12-04 12:45:45.900
73312	250000	12050	12650	11900	12400	239022	2020-12-04 12:46:11.530
73592	250000	12050	12650	11900	12400	239022	2020-12-04 12:46:37.287
73860	250000	12050	12650	11900	12400	239022	2020-12-04 12:47:02.870
74139	250000	12050	12650	11900	12450	241679	2020-12-04 12:47:29.733
74381	250000	12050	12650	11900	12450	241679	2020-12-04 12:47:53.823
74653	250000	12050	12650	11900	12500	243965	2020-12-04 12:48:20.093
74917	250000	12050	12650	11900	12500	243965	2020-12-04 12:48:45.550
75186	250000	12050	13250	11900	13250	329923	2020-12-04 12:49:11.183
75452	250000	12050	13250	11900	13250	329923	2020-12-04 12:49:36.377
75722	250000	12050	13250	11900	13250	329923	2020-12-04 12:50:02.697
75981	250000	12050	13250	11900	13250	329923	2020-12-04 12:50:27.363
76252	250000	12050	13250	11900	13250	329923	2020-12-04 12:50:52.357
76518	250000	12050	13850	11900	13850	384733	2020-12-04 12:51:18.883
76790	250000	12050	13850	11900	13850	384733	2020-12-04 12:51:45.117
77059	250000	12050	13850	11900	13850	384733	2020-12-04 12:52:09.987
77319	250000	12050	14400	11900	14350	549599	2020-12-04 12:52:35.583
77587	250000	12050	14400	11900	14350	549599	2020-12-04 12:53:00.617
77859	250000	12050	14450	11900	13850	670601	2020-12-04 12:53:26.797
78124	250000	12050	14450	11900	13850	670601	2020-12-04 12:53:51.717
78398	250000	12050	14450	11900	14150	797616	2020-12-04 12:54:17.420
78662	250000	12050	14450	11900	14150	797616	2020-12-04 12:54:43.193
78918	250000	12050	14450	11900	13900	838110	2020-12-04 12:55:07.863
79190	250000	12050	14450	11900	13900	838110	2020-12-04 12:55:33.547
79458	250000	12050	14450	11900	13900	838110	2020-12-04 12:55:59.197
79722	250000	12050	14450	11900	13550	897284	2020-12-04 12:56:25.543
79990	250000	12050	14450	11900	13550	897284	2020-12-04 12:56:51.837
80261	250000	12050	14450	11900	13600	941490	2020-12-04 12:57:16.620
80523	250000	12050	14450	11900	13600	941490	2020-12-04 12:57:41.300
80786	250000	12050	14450	11900	13650	960763	2020-12-04 12:58:06.797
81070	250000	12050	14450	11900	13650	960763	2020-12-04 12:58:33.380
81331	250000	12050	14450	11900	13650	960763	2020-12-04 12:58:58.663
81592	250000	12050	14450	11900	13800	992692	2020-12-04 12:59:23.890
81859	250000	12050	14450	11900	13800	992692	2020-12-04 12:59:49.163
82129	250000	12050	14450	11900	13650	1032782	2020-12-04 13:00:14.657
82401	250000	12050	14450	11900	13650	1032782	2020-12-04 13:00:40.553
82668	250000	12050	14450	11900	13650	1032782	2020-12-04 13:01:06.647
82919	250000	12050	14450	11900	13500	1056171	2020-12-04 13:01:31.997
83205	250000	12050	14450	11900	13500	1056171	2020-12-04 13:01:58.317
83470	250000	12050	14450	11900	13450	1073659	2020-12-04 13:02:24.227
83729	250000	12050	14450	11900	13450	1073659	2020-12-04 13:02:49.357
83997	250000	12050	14450	11900	13400	1082238	2020-12-04 13:03:15.697
84276	250000	12050	14450	11900	13400	1082238	2020-12-04 13:03:42.017
84522	250000	12050	14450	11900	13550	1101562	2020-12-04 13:04:07.460
84801	250000	12050	14450	11900	13550	1101562	2020-12-04 13:04:36.520
85063	250000	12050	14450	11900	13550	1101562	2020-12-04 13:05:02.330
85340	250000	12050	14450	11900	13350	1110913	2020-12-04 13:05:28.323
85594	250000	12050	14450	11900	13350	1110913	2020-12-04 13:05:53.317
85875	250000	12050	14450	11900	13200	1136823	2020-12-04 13:06:19.783
86129	250000	12050	14450	11900	13200	1136823	2020-12-04 13:06:45.100
86397	250000	12050	14450	11900	13200	1154182	2020-12-04 13:07:12.000
86673	250000	12050	14450	11900	13200	1154182	2020-12-04 13:07:39.137
86946	250000	12050	14450	11900	13200	1154182	2020-12-04 13:08:06.080
87198	250000	12050	14450	11900	13200	1163066	2020-12-04 13:08:31.357
87470	250000	12050	14450	11900	13200	1163066	2020-12-04 13:08:57.150
87736	250000	12050	14450	11900	13150	1169812	2020-12-04 13:09:22.683
88009	250000	12050	14450	11900	13150	1169812	2020-12-04 13:09:47.580
88262	250000	12050	14450	11900	13300	1183333	2020-12-04 13:10:12.977
88524	250000	12050	14450	11900	13300	1183333	2020-12-04 13:10:38.200
88799	250000	12050	14450	11900	13300	1183333	2020-12-04 13:11:04.040
89077	250000	12050	14450	11900	13350	1197082	2020-12-04 13:11:30.427
89342	250000	12050	14450	11900	13350	1197082	2020-12-04 13:11:55.067
89596	250000	12050	14450	11900	13350	1202976	2020-12-04 13:12:19.540
89870	250000	12050	14450	11900	13350	1202976	2020-12-04 13:12:44.687
90144	250000	12050	14450	11900	13250	1210680	2020-12-04 13:13:11.647
90395	250000	12050	14450	11900	13250	1210680	2020-12-04 13:13:38.480
90673	250000	12050	14450	11900	13300	1219104	2020-12-04 13:14:07.483
90948	250000	12050	14450	11900	13300	1219104	2020-12-04 13:14:37.300
91191	250000	12050	14450	11900	13300	1219104	2020-12-04 13:15:05.317
91475	250000	12050	14450	11900	13300	1220155	2020-12-04 13:15:35.860
91749	250000	12050	14450	11900	13300	1220155	2020-12-04 13:16:03.973
92010	250000	12050	14450	11900	13300	1222078	2020-12-04 13:16:32.480
92270	250000	12050	14450	11900	13300	1222078	2020-12-04 13:17:01.097
92548	250000	12050	14450	11900	13250	1229791	2020-12-04 13:17:30.240
92804	250000	12050	14450	11900	13250	1229791	2020-12-04 13:17:58.330
93087	250000	12050	14450	11900	13250	1232147	2020-12-04 13:18:27.257
93348	250000	12050	14450	11900	13250	1232147	2020-12-04 13:18:55.197
93633	250000	12050	14450	11900	13000	1244560	2020-12-04 13:19:23.487
93877	250000	12050	14450	11900	13000	1244560	2020-12-04 13:19:49.417
94148	250000	12050	14450	11900	13000	1244560	2020-12-04 13:20:17.470
94408	250000	12050	14450	11900	13050	1252366	2020-12-04 13:20:45.303
94676	250000	12050	14450	11900	13050	1252366	2020-12-04 13:21:12.317
94941	250000	12050	14450	11900	13150	1255358	2020-12-04 13:21:40.180
95215	250000	12050	14450	11900	13150	1255358	2020-12-04 13:22:08.157
95484	250000	12050	14450	11900	13250	1259028	2020-12-04 13:22:36.027
95748	250000	12050	14450	11900	13250	1259028	2020-12-04 13:23:03.603
96007	250000	12050	14450	11900	13200	1261997	2020-12-04 13:23:31.620
96284	250000	12050	14450	11900	13200	1261997	2020-12-04 13:23:58.763
96549	250000	12050	14450	11900	13300	1274052	2020-12-04 13:24:27.140
96809	250000	12050	14450	11900	13300	1274052	2020-12-04 13:24:56.010
97080	250000	12050	14450	11900	13300	1274299	2020-12-04 13:25:23.423
97344	250000	12050	14450	11900	13300	1274299	2020-12-04 13:25:51.230
97613	250000	12050	14450	11900	13150	1277198	2020-12-04 13:26:20.400
97880	250000	12050	14450	11900	13150	1277198	2020-12-04 13:26:47.860
98142	250000	12050	14450	11900	13150	1277198	2020-12-04 13:27:15.593
98418	250000	12050	14450	11900	13150	1279282	2020-12-04 13:27:45.500
98677	250000	12050	14450	11900	13150	1279282	2020-12-04 13:28:15.387
98957	250000	12050	14450	11900	13000	1289317	2020-12-04 13:28:44.423
99226	250000	12050	14450	11900	13000	1289317	2020-12-04 13:29:12.670
99491	250000	12050	14450	11900	13050	1296353	2020-12-04 13:29:40.730
99758	250000	12050	14450	11900	13050	1296353	2020-12-04 13:30:10.123
100021	250000	12050	14450	11900	12950	1297719	2020-12-04 13:30:37.833
100291	250000	12050	14450	11900	12950	1297719	2020-12-04 13:31:07.830
100553	250000	12050	14450	11900	13050	1300851	2020-12-04 13:31:35.763
100816	250000	12050	14450	11900	13050	1300851	2020-12-04 13:32:06.523
101086	250000	12050	14450	11900	13100	1302346	2020-12-04 13:32:37.913
101344	250000	12050	14450	11900	13100	1302346	2020-12-04 13:33:11.857
101619	250000	12050	14450	11900	13050	1302909	2020-12-04 13:33:45.780
101876	250000	12050	14450	11900	13050	1302909	2020-12-04 13:34:13.577
102153	250000	12050	14450	11900	13200	1310707	2020-12-04 13:34:46.607
102422	250000	12050	14450	11900	13200	1310707	2020-12-04 13:35:17.590
102683	250000	12050	14450	11900	13200	1313151	2020-12-04 13:35:48.443
102958	250000	12050	14450	11900	13200	1313151	2020-12-04 13:36:21.220
103220	250000	12050	14450	11900	13100	1313817	2020-12-04 13:36:53.557
103489	250000	12050	14450	11900	13100	1313817	2020-12-04 13:37:23.523
103753	250000	12050	14450	11900	13050	1315553	2020-12-04 13:37:53.987
104021	250000	12050	14450	11900	13050	1315553	2020-12-04 13:38:25.777
104292	250000	12050	14450	11900	13100	1316030	2020-12-04 13:38:54.680
104544	250000	12050	14450	11900	13100	1316030	2020-12-04 13:39:22.100
104820	250000	12050	14450	11900	13050	1317676	2020-12-04 13:39:52.793
105093	250000	12050	14450	11900	13050	1317676	2020-12-04 13:40:25.750
105358	250000	12050	14450	11900	13100	1318461	2020-12-04 13:40:53.453
105626	250000	12050	14450	11900	13100	1318461	2020-12-04 13:41:25.440
105898	250000	12050	14450	11900	13200	1320064	2020-12-04 13:41:54.947
106150	250000	12050	14450	11900	13200	1320064	2020-12-04 13:42:25.647
106429	250000	12050	14450	11900	13200	1320442	2020-12-04 13:42:56.100
106686	250000	12050	14450	11900	13150	1321177	2020-12-04 13:43:24.693
106965	250000	12050	14450	11900	13150	1321177	2020-12-04 13:43:53.680
107234	250000	12050	14450	11900	13150	1321177	2020-12-04 13:44:23.820
107491	250000	12050	14450	11900	13200	1324302	2020-12-04 13:44:57.997
107761	250000	12050	14450	11900	13550	1352504	2020-12-04 13:45:27.460
108015	250000	12050	14450	11900	13550	1352504	2020-12-04 13:45:55.987
108292	250000	12050	14450	11900	13550	1352504	2020-12-04 13:46:26.230
108571	250000	12050	14450	11900	13450	1370416	2020-12-04 13:46:55.370
108823	250000	12050	14450	11900	13400	1377184	2020-12-04 13:47:25.810
109089	250000	12050	14450	11900	13400	1377184	2020-12-04 13:47:55.947
109371	250000	12050	14450	11900	13400	1381863	2020-12-04 13:48:26.047
109636	250000	12050	14450	11900	13400	1381863	2020-12-04 13:48:57.130
109902	250000	12050	14450	11900	13400	1389250	2020-12-04 13:49:26.390
110174	250000	12050	14450	11900	13400	1389250	2020-12-04 13:49:54.767
110434	250000	12050	14450	11900	13550	1407083	2020-12-04 13:50:24.797
110701	250000	12050	14450	11900	13550	1407083	2020-12-04 13:50:53.357
110958	250000	12050	14450	11900	13600	1413006	2020-12-04 13:51:26.390
111238	250000	12050	14450	11900	13600	1413006	2020-12-04 13:51:54.903
111500	250000	12050	14450	11900	13500	1419726	2020-12-04 13:52:26.683
111768	250000	12050	14450	11900	13500	1419726	2020-12-04 13:52:55.957
112024	250000	12050	14450	11900	13800	1469642	2020-12-04 13:53:25.680
112299	250000	12050	14450	11900	13800	1469642	2020-12-04 13:53:54.977
112561	250000	12050	14450	11900	13800	1469642	2020-12-04 13:54:23.277
112837	250000	12050	14450	11900	13650	1522052	2020-12-04 13:54:53.417
113105	250000	12050	14450	11900	13650	1522052	2020-12-04 13:55:21.457
113354	250000	12050	14450	11900	13750	1575153	2020-12-04 13:55:47.650
113640	250000	12050	14450	11900	13750	1575153	2020-12-04 13:56:16.063
113908	250000	12050	14450	11900	13700	1590348	2020-12-04 13:56:43.180
114166	250000	12050	14450	11900	13700	1590348	2020-12-04 13:57:10.603
114437	250000	12050	14450	11900	13750	1606056	2020-12-04 13:57:38.060
114709	250000	12050	14450	11900	13750	1606056	2020-12-04 13:58:05.540
114971	250000	12050	14450	11900	13700	1627732	2020-12-04 13:58:33.313
115212	250000	12050	14450	11900	13700	1627732	2020-12-04 13:58:59.440
115509	250000	12050	14450	11900	13700	1627732	2020-12-04 13:59:28.677
115766	250000	12050	14450	11900	13650	1646979	2020-12-04 13:59:55.157
116041	250000	12050	14450	11900	13650	1646979	2020-12-04 14:00:23.587
116307	250000	12050	14450	11900	13600	1652785	2020-12-04 14:00:51.640
116574	250000	12050	14450	11900	13600	1652785	2020-12-04 14:01:19.643
116849	250000	12050	14450	11900	13450	1671425	2020-12-04 14:01:47.233
117109	250000	12050	14450	11900	13450	1671425	2020-12-04 14:02:14.647
117385	250000	12050	14450	11900	13400	1687693	2020-12-04 14:02:43.157
117652	250000	12050	14450	11900	13400	1687693	2020-12-04 14:03:11.983
117902	250000	12050	14450	11900	13400	1687693	2020-12-04 14:03:40.267
118175	250000	12050	14450	11900	13400	1691862	2020-12-04 14:04:09.557
118434	250000	12050	14450	11900	13400	1691862	2020-12-04 14:04:37.117
118697	250000	12050	14450	11900	13400	1702298	2020-12-04 14:05:08.347
118972	250000	12050	14450	11900	13400	1702298	2020-12-04 14:05:35.440
119240	250000	12050	14450	11900	13300	1710869	2020-12-04 14:06:02.870
119513	250000	12050	14450	11900	13300	1710869	2020-12-04 14:06:31.533
119766	250000	12050	14450	11900	13200	1712671	2020-12-04 14:06:58.927
120020	250000	12050	14450	11900	13200	1712671	2020-12-04 14:07:26.543
120301	250000	12050	14450	11900	13200	1712671	2020-12-04 14:07:54.463
120584	250000	12050	14450	11900	13300	1717059	2020-12-04 14:08:22.907
120840	250000	12050	14450	11900	13300	1717059	2020-12-04 14:08:49.887
121104	250000	12050	14450	11900	13250	1719718	2020-12-04 14:09:17.123
121357	250000	12050	14450	11900	13250	1719718	2020-12-04 14:09:44.477
121643	250000	12050	14450	11900	13250	1721986	2020-12-04 14:10:13.040
121916	250000	12050	14450	11900	13250	1721986	2020-12-04 14:10:40.890
122185	250000	12050	14450	11900	13350	1723998	2020-12-04 14:11:08.340
122444	250000	12050	14450	11900	13350	1723998	2020-12-04 14:11:35.103
122704	250000	12050	14450	11900	13350	1725921	2020-12-04 14:12:01.817
122965	250000	12050	14450	11900	13350	1725921	2020-12-04 14:12:29.613
123243	250000	12050	14450	11900	13450	1731331	2020-12-04 14:12:57.113
123507	250000	12050	14450	11900	13450	1731331	2020-12-04 14:13:25.963
123786	250000	12050	14450	11900	13500	1735612	2020-12-04 14:13:54.027
124043	250000	12050	14450	11900	13500	1735612	2020-12-04 14:14:21.880
124308	250000	12050	14450	11900	13450	1739829	2020-12-04 14:14:48.990
124580	250000	12050	14450	11900	13450	1739829	2020-12-04 14:15:17.423
124843	250000	12050	14450	11900	13350	1746827	2020-12-04 14:15:44.763
125100	250000	12050	14450	11900	13350	1746827	2020-12-04 14:16:11.503
125388	250000	12050	14450	11900	13350	1748227	2020-12-04 14:16:39.157
125646	250000	12050	14450	11900	13350	1748227	2020-12-04 14:17:06.080
125921	250000	12050	14450	11900	13350	1748227	2020-12-04 14:17:33.967
126192	250000	12050	14450	11900	13400	1750607	2020-12-04 14:18:00.667
126457	250000	12050	14450	11900	13400	1750607	2020-12-04 14:18:28.737
126705	250000	12050	14450	11900	13400	1754747	2020-12-04 14:18:55.777
126987	250000	12050	14450	11900	13400	1754747	2020-12-04 14:19:24.080
127240	250000	12050	14450	11900	13250	1758104	2020-12-04 14:19:51.063
127529	250000	12050	14450	11900	13250	1758104	2020-12-04 14:20:20.447
127788	250000	12050	14450	11900	13300	1760137	2020-12-04 14:20:47.330
128035	250000	12050	14450	11900	13300	1760137	2020-12-04 14:21:15.507
128320	250000	12050	14450	11900	13250	1765436	2020-12-04 14:21:44.423
128598	250000	12050	14450	11900	13250	1765436	2020-12-04 14:22:19.410
128856	250000	12050	14450	11900	13450	1770937	2020-12-04 14:22:46.957
129117	250000	12050	14450	11900	13450	1770937	2020-12-04 14:23:17.237
129403	250000	12050	14450	11900	13500	1776191	2020-12-04 14:23:47.323
129655	250000	12050	14450	11900	13500	1776191	2020-12-04 14:24:18.413
129930	250000	12050	14450	11900	13450	1790035	2020-12-04 14:24:48.100
130184	250000	12050	14450	11900	13450	1790035	2020-12-04 14:25:17.180
130458	250000	12050	14450	11900	13400	1793208	2020-12-04 14:25:43.737
130715	250000	12050	14450	11900	13400	1793208	2020-12-04 14:26:13.457
130989	250000	12050	14450	11900	13350	1797098	2020-12-04 14:26:43.900
131246	250000	12050	14450	11900	13350	1797098	2020-12-04 14:27:15.407
131524	250000	12050	14450	11900	13450	1798161	2020-12-04 14:27:43.833
131797	250000	12050	14450	11900	13450	1798161	2020-12-04 14:28:15.617
132065	250000	12050	14450	11900	13450	1800745	2020-12-04 14:28:44.043
132319	250000	12050	14450	11900	13450	1800745	2020-12-04 14:29:15.887
132602	250000	12050	14450	11900	13350	1804219	2020-12-04 14:29:44.420
132854	250000	12050	14450	11900	13350	1804219	2020-12-04 14:30:13.730
133126	250000	12050	14450	11900	13350	1804219	2020-12-04 14:30:43.513
133407	250000	12050	14450	11900	13450	1805756	2020-12-04 14:31:13.443
133652	250000	12050	14450	11900	13450	1805756	2020-12-04 14:31:41.877
133914	250000	12050	14450	11900	13600	1819039	2020-12-04 14:32:11.187
134200	250000	12050	14450	11900	13600	1819039	2020-12-04 14:32:40.760
134442	250000	12050	14450	11900	13550	1820874	2020-12-04 14:33:09.747
134734	250000	12050	14450	11900	13550	1820874	2020-12-04 14:33:41.450
134986	250000	12050	14450	11900	13600	1829728	2020-12-04 14:34:09.563
135260	250000	12050	14450	11900	13600	1829728	2020-12-04 14:34:38.220
135525	250000	12050	14450	11900	13450	1834839	2020-12-04 14:35:05.547
135792	250000	12050	14450	11900	13450	1834839	2020-12-04 14:35:34.173
136046	250000	12050	14450	11900	13650	1839818	2020-12-04 14:36:01.737
136321	250000	12050	14450	11900	13650	1839818	2020-12-04 14:36:31.943
136590	250000	12050	14450	11900	13650	1839818	2020-12-04 14:37:01.767
136855	250000	12050	14450	11900	13450	1851012	2020-12-04 14:37:29.890
137130	250000	12050	14450	11900	13450	1851012	2020-12-04 14:37:57.457
137421	250000	12050	14450	11900	13400	1854161	2020-12-04 14:38:27.563
137659	250000	12050	14450	11900	13400	1854161	2020-12-04 14:38:54.283
137935	250000	12050	14450	11900	13450	1857071	2020-12-04 14:39:23.227
138201	250000	12050	14450	11900	13450	1857071	2020-12-04 14:39:52.490
138458	250000	12050	14450	11900	13600	1862207	2020-12-04 14:40:21.690
138734	250000	12050	14450	11900	13600	1862207	2020-12-04 14:40:51.723
139004	250000	12050	14450	11900	13700	1894433	2020-12-04 14:41:19.960
139275	250000	12050	14450	11900	13700	1894433	2020-12-04 14:41:49.227
139525	250000	12050	14450	11900	13700	1917859	2020-12-04 14:42:18.060
139799	250000	12050	14450	11900	13700	1917859	2020-12-04 14:42:47.667
140054	250000	12050	14450	11900	13700	1927094	2020-12-04 14:43:17.707
140317	250000	12050	14450	11900	13700	1927094	2020-12-04 14:43:47.543
140590	250000	12050	14450	11900	13600	1934404	2020-12-04 14:44:17.550
140867	250000	12050	14450	11900	13600	1934404	2020-12-04 14:44:51.893
141144	250000	12050	14450	11900	13600	1934404	2020-12-04 14:45:21.103
141407	250000	12050	14450	11900	13650	1944607	2020-12-04 14:45:50.107
141680	250000	12050	14450	11900	13500	1961307	2020-12-04 14:46:21.347
141950	250000	12050	14450	11900	13500	1961307	2020-12-04 14:46:53.917
142197	250000	12050	14450	11900	13650	1964336	2020-12-04 14:47:21.827
142474	250000	12050	14450	11900	13650	1964336	2020-12-04 14:47:54.840
142727	250000	12050	14450	11900	13600	1967026	2020-12-04 14:48:22.437
143002	250000	12050	14450	11900	13600	1967026	2020-12-04 14:48:54.597
143269	250000	12050	14450	11900	13400	1978730	2020-12-04 14:49:21.627
143540	250000	12050	14450	11900	13400	1978730	2020-12-04 14:49:54.927
143791	250000	12050	14450	11900	13400	1982918	2020-12-04 14:50:22.293
144062	250000	12050	14450	11900	13400	1982918	2020-12-04 14:50:54.797
144336	250000	12050	14450	11900	13400	1982918	2020-12-04 14:51:23.337
144601	250000	12050	14450	11900	13400	1985199	2020-12-04 14:51:54.853
144864	250000	12050	14450	11900	13450	1985740	2020-12-04 14:52:21.783
145128	250000	12050	14450	11900	13450	1985740	2020-12-04 14:52:51.257
145402	250000	12050	14450	11900	13400	1985989	2020-12-04 14:53:19.710
145679	250000	12050	14450	11900	13400	1985989	2020-12-04 14:53:48.453
145933	250000	12050	14450	11900	13300	1992019	2020-12-04 14:54:16.883
146212	250000	12050	14450	11900	13300	1992019	2020-12-04 14:54:47.297
146458	250000	12050	14450	11900	13150	2010752	2020-12-04 14:55:18.613
146748	250000	12050	14450	11900	13150	2010752	2020-12-04 14:55:47.563
147008	250000	12050	14450	11900	13200	2012882	2020-12-04 14:56:15.470
147275	250000	12050	14450	11900	13200	2012882	2020-12-04 14:56:44.907
147543	250000	12050	14450	11900	13200	2012882	2020-12-04 14:57:13.543
147816	250000	12050	14450	11900	13200	2016200	2020-12-04 14:57:41.620
148066	250000	12050	14450	11900	13200	2016200	2020-12-04 14:58:09.460
148329	250000	12050	14450	11900	13000	2025215	2020-12-04 14:58:36.643
148601	250000	12050	14450	11900	13000	2025215	2020-12-04 14:59:05.300
148877	250000	12050	14450	11900	13150	2028765	2020-12-04 14:59:33.077
149138	250000	12050	14450	11900	13150	2028765	2020-12-04 15:00:01.313
149407	250000	12050	14450	11900	13150	2030868	2020-12-04 15:00:31.473
149686	250000	12050	14450	11900	13150	2030868	2020-12-04 15:01:00.657
149947	250000	12050	14450	11900	13200	2031689	2020-12-04 15:01:28.713
150222	250000	12050	14450	11900	13200	2031689	2020-12-04 15:01:57.317
150478	250000	12050	14450	11900	13250	2032643	2020-12-04 15:02:25.817
150739	250000	12050	14450	11900	13250	2032643	2020-12-04 15:02:54.383
151012	250000	12050	14450	11900	13250	2032643	2020-12-04 15:03:24.533
151282	250000	12050	14450	11900	13250	2033503	2020-12-04 15:03:52.807
151550	250000	12050	14450	11900	13250	2033503	2020-12-04 15:04:21.433
151807	250000	12050	14450	11900	13150	2034520	2020-12-04 15:04:48.740
152088	250000	12050	14450	11900	13150	2034520	2020-12-04 15:05:18.737
152342	250000	12050	14450	11900	13200	2036349	2020-12-04 15:05:47.247
152614	250000	12050	14450	11900	13200	2036349	2020-12-04 15:06:17.403
152890	250000	12050	14450	11900	13250	2038684	2020-12-04 15:06:46.463
153146	250000	12050	14450	11900	13250	2038684	2020-12-04 15:07:16.027
153420	250000	12050	14450	11900	13250	2038684	2020-12-04 15:07:44.763
153677	250000	12050	14450	11900	13200	2039699	2020-12-04 15:08:12.250
153953	250000	12050	14450	11900	13200	2039699	2020-12-04 15:08:40.807
154227	250000	12050	14450	11900	13150	2042584	2020-12-04 15:09:09.350
154480	250000	12050	14450	11900	13150	2042584	2020-12-04 15:09:36.917
154771	250000	12050	14450	11900	13150	2044373	2020-12-04 15:10:07.230
155032	250000	12050	14450	11900	13150	2044373	2020-12-04 15:10:36.673
155284	250000	12050	14450	11900	13250	2046385	2020-12-04 15:11:05.020
155549	250000	12050	14450	11900	13250	2046385	2020-12-04 15:11:34.623
155836	250000	12050	14450	11900	13200	2049361	2020-12-04 15:12:04.963
156090	250000	12050	14450	11900	13200	2049361	2020-12-04 15:12:33.307
156359	250000	12050	14450	11900	13100	2051760	2020-12-04 15:13:01.160
156614	250000	12050	14450	11900	13100	2051760	2020-12-04 15:13:30.810
156896	250000	12050	14450	11900	13100	2051760	2020-12-04 15:14:00.147
157160	250000	12050	14450	11900	13100	2053318	2020-12-04 15:14:28.637
157417	250000	12050	14450	11900	13100	2053318	2020-12-04 15:14:55.877
157679	250000	12050	14450	11900	13150	2054764	2020-12-04 15:15:24.210
157953	250000	12050	14450	11900	13150	2054764	2020-12-04 15:15:52.627
158209	250000	12050	14450	11900	13000	2059861	2020-12-04 15:16:20.827
158490	250000	12050	14450	11900	13000	2059861	2020-12-04 15:16:49.667
158766	250000	12050	14450	11900	13000	2059861	2020-12-04 15:17:18.797
159018	250000	12050	14450	11900	13200	2064919	2020-12-04 15:17:46.647
159306	250000	12050	14450	11900	13200	2064919	2020-12-04 15:18:16.610
159549	250000	12050	14450	11900	13150	2065338	2020-12-04 15:18:44.787
159836	250000	12050	14450	11900	13150	2065338	2020-12-04 15:19:15.670
160091	250000	12050	14450	11900	13100	2070998	2020-12-04 15:19:43.253
160352	250000	12050	14450	11900	13100	2070998	2020-12-04 15:20:12.473
160595	250000	12050	14450	11900	13000	2076089	2020-12-04 15:20:40.400
160903	250000	12050	14450	11900	13000	2076089	2020-12-04 15:21:11.583
161160	250000	12050	14450	11900	13000	2076089	2020-12-04 15:21:39.390
161434	250000	12050	14450	11900	13000	2076089	2020-12-04 15:22:08.863
161706	250000	12050	14450	11900	13000	2076089	2020-12-04 15:22:39.433
161959	250000	12050	14450	11900	13000	2076089	2020-12-04 15:23:08.293
162234	250000	12050	14450	11900	13000	2076089	2020-12-04 15:23:39.297
162508	250000	12050	14450	11900	13000	2076089	2020-12-04 15:24:08.200
162758	250000	12050	14450	11900	13000	2076089	2020-12-04 15:24:34.933
163045	250000	12050	14450	11900	13000	2076089	2020-12-04 15:25:03.627
163297	250000	12050	14450	11900	13000	2076089	2020-12-04 15:25:31.387
163565	250000	12050	14450	11900	13000	2076089	2020-12-04 15:25:59.813
163824	250000	12050	14450	11900	13000	2076089	2020-12-04 15:26:28.673
164096	250000	12050	14450	11900	13000	2076089	2020-12-04 15:26:56.683
164357	250000	12050	14450	11900	13000	2076089	2020-12-04 15:27:24.920
164640	250000	12050	14450	11900	13000	2076089	2020-12-04 15:27:55.857
164890	250000	12050	14450	11900	13000	2076089	2020-12-04 15:28:27.987